model,model_window_position,base_count,mean_bpb
megabyte1,0,16,2.0198928824299314
megabyte1,1,16,1.9676708392695355
megabyte1,2,16,2.0767547188037923
megabyte1,3,16,2.090699364277476
megabyte1,4,16,2.0497440744511097
megabyte1,5,16,1.9940025646453976
megabyte1,6,16,1.9326338203363733
megabyte1,7,16,1.839239761455718
megabyte1,8,16,2.0649782302169024
megabyte1,9,16,2.1641243671835246
megabyte1,10,16,1.995988884445735
megabyte1,11,16,1.9764359800863618
megabyte1,12,16,1.8508587418182922
megabyte1,13,16,2.089418153480912
megabyte1,14,16,2.1469936507145286
megabyte1,15,16,1.8702897364299766
megabyte1,16,16,2.0464487292186444
megabyte1,17,16,2.108638790413373
megabyte1,18,16,1.9700547055365225
megabyte1,19,16,1.9830596559549127
megabyte1,20,16,2.0529851074527707
megabyte1,21,16,2.011529426941158
megabyte1,22,16,1.7918930188724909
megabyte1,23,16,2.0812435204341693
megabyte1,24,16,1.9813519142903067
megabyte1,25,16,2.013327760119549
megabyte1,26,16,1.9964223623924564
megabyte1,27,16,2.105676631109842
megabyte1,28,16,2.088386963824179
megabyte1,29,16,1.94771923143116
megabyte1,30,16,1.8597488907596609
megabyte1,31,16,1.8479290488335642
megabyte1,32,16,1.8817645734245096
megabyte1,33,16,1.9541793218375665
megabyte1,34,16,1.8285829952210426
megabyte1,35,16,2.0514819091197856
megabyte1,36,16,1.989230681316764
megabyte1,37,16,1.9257110767797836
megabyte1,38,16,1.864292309617443
megabyte1,39,16,2.057736671128322
megabyte1,40,16,1.8866501935647122
megabyte1,41,16,2.0048677833309734
megabyte1,42,16,1.769338123499735
megabyte1,43,16,1.7329091308982885
megabyte1,44,16,1.8822443539486773
megabyte1,45,16,1.918827912321073
megabyte1,46,16,1.8710007504785031
megabyte1,47,16,1.7959050021899976
megabyte1,48,16,2.0808469908029497
megabyte1,49,16,1.9982980088001783
megabyte1,50,16,1.9261623282136378
megabyte1,51,16,1.5998701155839719
megabyte1,52,16,1.9329271445685836
megabyte1,53,16,1.9874216209420357
megabyte1,54,16,1.9082388180544585
megabyte1,55,16,1.9469770741728114
megabyte1,56,16,1.9740463992605521
megabyte1,57,16,1.9361963267570017
megabyte1,58,16,2.0976444085209183
megabyte1,59,16,1.9014566710722978
megabyte1,60,16,1.9116108565838332
megabyte1,61,16,2.070171652511272
megabyte1,62,16,2.02010164201214
megabyte1,63,16,2.1635132839919127
megabyte1,64,16,2.0751525332224046
megabyte1,65,16,1.97448497323471
megabyte1,66,16,1.978109347069733
megabyte1,67,16,1.7488525848119232
megabyte1,68,16,1.8072661732132027
megabyte1,69,16,1.6785537244213666
megabyte1,70,16,2.0076267297553008
megabyte1,71,16,1.908586267623729
megabyte1,72,16,1.8522877298462164
megabyte1,73,16,1.9536679725670298
megabyte1,74,16,1.743440690395122
megabyte1,75,16,1.9263214671097781
megabyte1,76,16,1.922597240675775
megabyte1,77,16,1.934095193154609
megabyte1,78,16,1.8187287293057937
megabyte1,79,16,1.8291734115630531
megabyte1,80,16,1.7619563090954142
megabyte1,81,16,1.903453716514337
megabyte1,82,16,1.8107753058033866
megabyte1,83,16,1.6919011739433087
megabyte1,84,16,1.8683524329690657
megabyte1,85,16,1.7294523638639574
megabyte1,86,16,2.10981896087173
megabyte1,87,16,1.9641549546019985
megabyte1,88,16,1.5556579551003686
megabyte1,89,16,1.9404122146524114
megabyte1,90,16,1.9758395490560385
megabyte1,91,16,1.8586422792252857
megabyte1,92,16,1.7387604251196387
megabyte1,93,16,1.904579860610688
megabyte1,94,16,2.148196168438738
megabyte1,95,16,1.9720834906156104
megabyte1,96,16,1.8482361441735586
megabyte1,97,16,2.050794578524532
megabyte1,98,16,1.7294981559410183
megabyte1,99,16,1.9746906930104184
megabyte1,100,16,1.7167982109838866
megabyte1,101,16,1.9589825099608202
megabyte1,102,16,1.8104511145879951
megabyte1,103,16,1.7574273990328049
megabyte1,104,16,1.957973148146309
megabyte1,105,16,1.894085161503545
megabyte1,106,16,1.8849361293596913
megabyte1,107,16,1.5056018374980287
megabyte1,108,16,1.5492221447471246
megabyte1,109,16,1.7422828584030603
megabyte1,110,16,1.7719799396346347
megabyte1,111,16,1.9812277089043402
megabyte1,112,16,1.687624318117481
megabyte1,113,16,1.417483985882318
megabyte1,114,16,2.046909466627331
megabyte1,115,16,1.6739437424682129
megabyte1,116,16,1.745824560680763
megabyte1,117,16,1.6738109221715618
megabyte1,118,16,1.6788549211396973
megabyte1,119,16,1.835741585655238
megabyte1,120,16,1.6077415869527483
megabyte1,121,16,1.7352798177177688
megabyte1,122,16,1.8605124799521575
megabyte1,123,16,1.6608823407477349
megabyte1,124,16,1.81546609079474
megabyte1,125,16,1.7508817774108079
megabyte1,126,16,2.1007232089006
megabyte1,127,16,1.7483560164141123
megabyte1,128,16,1.7889205401563713
megabyte1,129,16,1.854535554708379
megabyte1,130,16,1.865306102670268
megabyte1,131,16,1.9439927483932677
megabyte1,132,16,1.5217881408258322
megabyte1,133,16,1.7040024712431086
megabyte1,134,16,1.824078173317212
megabyte1,135,16,1.7638261347880642
megabyte1,136,16,1.835026807046939
megabyte1,137,16,1.7385475418504115
megabyte1,138,16,1.8242360508036057
megabyte1,139,16,1.6402605671464883
megabyte1,140,16,1.5425951739355876
megabyte1,141,16,1.329655171616479
megabyte1,142,16,1.7043191123866848
megabyte1,143,16,1.6348312366451292
megabyte1,144,16,1.942065417996029
megabyte1,145,16,1.8195220742812936
megabyte1,146,16,1.7272625578182328
megabyte1,147,16,2.220097001300712
megabyte1,148,16,1.7435177395936716
megabyte1,149,16,1.5561898989830092
megabyte1,150,16,1.917738457198428
megabyte1,151,16,1.632896105086741
megabyte1,152,16,1.7161290095567014
megabyte1,153,16,1.5043736388126534
megabyte1,154,16,1.3918753206071046
megabyte1,155,16,1.4060929434367175
megabyte1,156,16,1.4420234913005356
megabyte1,157,16,1.7363971260240225
megabyte1,158,16,1.3451242414711595
megabyte1,159,16,1.485694362948216
megabyte1,160,16,1.419146941619734
megabyte1,161,16,1.5333497085016559
megabyte1,162,16,1.5940517614820877
megabyte1,163,16,1.3945239304065198
megabyte1,164,16,1.4080550225320485
megabyte1,165,16,1.4413937948273452
megabyte1,166,16,1.9825622523011814
megabyte1,167,16,1.3396885037450028
megabyte1,168,16,1.3077923015472803
megabyte1,169,16,1.7967504773997929
megabyte1,170,16,1.2672079698894738
megabyte1,171,16,1.6386301955212392
megabyte1,172,16,1.6432912520926408
megabyte1,173,16,1.749046577424121
megabyte1,174,16,1.8192727618964983
megabyte1,175,16,1.6304638671529814
megabyte1,176,16,1.8367429462646832
megabyte1,177,16,1.4979325012142877
megabyte1,178,16,1.7358437564962035
megabyte1,179,16,1.6000710052896103
megabyte1,180,16,1.5853366475783257
megabyte1,181,16,1.6585789100210724
megabyte1,182,16,1.574876947089347
megabyte1,183,16,1.4916859501914832
megabyte1,184,16,1.7710554347365821
megabyte1,185,16,1.4964680460559667
megabyte1,186,16,1.6696789180500418
megabyte1,187,16,1.5436955000554
megabyte1,188,16,1.56586010630751
megabyte1,189,16,1.6987962916564032
megabyte1,190,16,1.6497817421917294
megabyte1,191,16,1.7482817304902474
megabyte1,192,16,2.0058110627052046
megabyte1,193,16,1.8741062547075007
megabyte1,194,16,2.1291612552173294
megabyte1,195,16,1.7342815432691265
megabyte1,196,16,1.5766914415360704
megabyte1,197,16,1.9999773839549364
megabyte1,198,16,1.8258169343360628
megabyte1,199,16,1.535347615103716
megabyte1,200,16,1.7233300955370068
megabyte1,201,16,1.6836622288071044
megabyte1,202,16,1.7151269440790982
megabyte1,203,16,1.8340664136013483
megabyte1,204,16,1.7904700006876135
megabyte1,205,16,1.53220056554887
megabyte1,206,16,1.7150293137739947
megabyte1,207,16,1.5778926572428054
megabyte1,208,16,1.3862234228478887
megabyte1,209,16,1.661958656230658
megabyte1,210,16,1.5692164035714258
megabyte1,211,16,1.4481584845288988
megabyte1,212,16,1.9736801863475189
megabyte1,213,16,1.8865619308547275
megabyte1,214,16,1.2999416219079332
megabyte1,215,16,1.6800374168912435
megabyte1,216,16,1.610004535501733
megabyte1,217,16,1.2866011919425402
megabyte1,218,16,1.5598265965769722
megabyte1,219,16,1.6426035105245433
megabyte1,220,16,1.4964905781626805
megabyte1,221,16,1.6696701678431785
megabyte1,222,16,1.4827571107716981
megabyte1,223,16,1.226970676357989
megabyte1,224,16,1.4601319049476638
megabyte1,225,16,1.2742506196624792
megabyte1,226,16,1.197123108113792
megabyte1,227,16,1.2588912025704373
megabyte1,228,16,1.317365417743148
megabyte1,229,16,1.284627071211847
megabyte1,230,16,1.6673069771335776
megabyte1,231,16,1.4713593382958206
megabyte1,232,16,1.4686047965736182
megabyte1,233,16,1.0788002957446168
megabyte1,234,16,1.6205195845524747
megabyte1,235,16,1.3117699339199167
megabyte1,236,16,1.5727972983102931
megabyte1,237,16,1.5626678898475523
megabyte1,238,16,1.3242985663230606
megabyte1,239,16,1.4624502642045658
megabyte1,240,16,1.6158216708965831
megabyte1,241,16,1.6586811230185985
megabyte1,242,16,1.5210616012309106
megabyte1,243,16,1.6581217033389641
megabyte1,244,16,1.4526871361584774
megabyte1,245,16,1.6655130472262496
megabyte1,246,16,1.6531427151947318
megabyte1,247,16,1.6938455966867718
megabyte1,248,16,1.3397259810504312
megabyte1,249,16,1.4253975449337595
megabyte1,250,16,1.074565926460239
megabyte1,251,16,1.171949072775197
megabyte1,252,16,1.641958066775191
megabyte1,253,16,1.30067740309484
megabyte1,254,16,1.7163076558252552
megabyte1,255,16,1.7415023924644841
megabyte1,256,16,1.5173746193569175
megabyte1,257,16,1.228882428304599
megabyte1,258,16,1.5312863017243852
megabyte1,259,16,1.7446574675666142
megabyte1,260,16,1.5188971481485734
megabyte1,261,16,1.4777189533415016
megabyte1,262,16,1.3679925456866622
megabyte1,263,16,2.0972035565919764
megabyte1,264,16,1.5145069572044851
megabyte1,265,16,1.3171324280518675
megabyte1,266,16,1.5317098159186782
megabyte1,267,16,1.5745199654766904
megabyte1,268,16,1.4713302213136388
megabyte1,269,16,1.5794013983018522
megabyte1,270,16,1.64097448179204
megabyte1,271,16,1.7426189169149509
megabyte1,272,16,1.2655077591730397
megabyte1,273,16,1.5350122609007129
megabyte1,274,16,1.5481341217348423
megabyte1,275,16,1.4214162422628294
megabyte1,276,16,1.4274760046263784
megabyte1,277,16,1.5094673762785198
megabyte1,278,16,1.7528425138080759
megabyte1,279,16,1.4013814433713738
megabyte1,280,16,1.614959268987571
megabyte1,281,16,1.4883065720190605
megabyte1,282,16,2.1557781889656185
megabyte1,283,16,1.592963824857042
megabyte1,284,16,1.7160268467345958
megabyte1,285,16,1.6450554683962562
megabyte1,286,16,1.4774015904274365
megabyte1,287,16,1.5541253525056664
megabyte1,288,16,1.9313883837558437
megabyte1,289,16,2.058527229212154
megabyte1,290,16,1.8081817639203197
megabyte1,291,16,1.576265065514303
megabyte1,292,16,1.6129282086012244
megabyte1,293,16,1.764584313824486
megabyte1,294,16,1.6565404825355812
megabyte1,295,16,1.4112127178812817
megabyte1,296,16,1.5935027223839087
megabyte1,297,16,1.7522348212086714
megabyte1,298,16,1.6177604198364184
megabyte1,299,16,1.41672187759889
megabyte1,300,16,1.5562356898419853
megabyte1,301,16,1.5869711936802406
megabyte1,302,16,1.588818683371542
megabyte1,303,16,1.687557607394408
megabyte1,304,16,1.6626175756287669
megabyte1,305,16,1.7663647094962625
megabyte1,306,16,1.6168362436004584
megabyte1,307,16,1.712212300588677
megabyte1,308,16,1.6717907203826685
megabyte1,309,16,1.383740890165251
megabyte1,310,16,1.4786484019301107
megabyte1,311,16,1.4226737376302019
megabyte1,312,16,1.5334878644348577
megabyte1,313,16,1.6456971356307877
megabyte1,314,16,1.304945057444296
megabyte1,315,16,1.8000585618999185
megabyte1,316,16,2.0449150228934956
megabyte1,317,16,1.726077826946877
megabyte1,318,16,1.9701434939008233
megabyte1,319,16,1.486771996006607
megabyte1,320,16,1.4482267844200885
megabyte1,321,16,1.735906043929216
megabyte1,322,16,2.070843288633694
megabyte1,323,16,1.52212067736631
megabyte1,324,16,1.6033145045970665
megabyte1,325,16,1.520758471144639
megabyte1,326,16,1.370085648427262
megabyte1,327,16,1.7131778024730873
megabyte1,328,16,1.3448439118890194
megabyte1,329,16,1.5251649581445101
megabyte1,330,16,1.6092301904264759
megabyte1,331,16,1.7426638209287533
megabyte1,332,16,2.0058615349009883
megabyte1,333,16,1.5734129753952102
megabyte1,334,16,1.6240356403075396
megabyte1,335,16,1.5753763833462142
megabyte1,336,16,1.6934750616593388
megabyte1,337,16,1.4814093906430663
megabyte1,338,16,1.471604220942138
megabyte1,339,16,1.4419659863451741
megabyte1,340,16,1.5752696037646459
megabyte1,341,16,1.6887017078332485
megabyte1,342,16,1.562315763423547
megabyte1,343,16,1.6092832286145522
megabyte1,344,16,1.512040811672907
megabyte1,345,16,1.8313070873491542
megabyte1,346,16,1.266254712457508
megabyte1,347,16,1.712421557942539
megabyte1,348,16,1.4325087536615275
megabyte1,349,16,1.5406262943909812
megabyte1,350,16,1.4651963481179613
megabyte1,351,16,1.5892370783376812
megabyte1,352,16,1.7376461311748301
megabyte1,353,16,1.723535662112751
megabyte1,354,16,1.6422390212378253
megabyte1,355,16,1.4709694621499882
megabyte1,356,16,1.5674088550749887
megabyte1,357,16,1.8136898439520754
megabyte1,358,16,1.709764089503806
megabyte1,359,16,1.8264435298128117
megabyte1,360,16,1.6502111355173752
megabyte1,361,16,1.4546715019330323
megabyte1,362,16,1.2744260627503106
megabyte1,363,16,1.694145344150639
megabyte1,364,16,1.55453623304586
megabyte1,365,16,1.3083940090506065
megabyte1,366,16,1.4424236489884419
megabyte1,367,16,1.4343115312618855
megabyte1,368,16,1.451852028944264
megabyte1,369,16,1.254570661289132
megabyte1,370,16,1.5031810721952903
megabyte1,371,16,1.3986991830884614
megabyte1,372,16,1.6128895034606048
megabyte1,373,16,1.3827885818329428
megabyte1,374,16,1.312647714518559
megabyte1,375,16,1.4735777030108477
megabyte1,376,16,1.3290447829917016
megabyte1,377,16,1.6298602389402619
megabyte1,378,16,1.857223386809295
megabyte1,379,16,1.3356598885875712
megabyte1,380,16,1.3731861251954707
megabyte1,381,16,1.5192262695042233
megabyte1,382,16,1.5717748080234364
megabyte1,383,16,1.6039354836527389
megabyte1,384,16,1.835326614010483
megabyte1,385,16,1.8130570085445066
megabyte1,386,16,1.8566644072734768
megabyte1,387,16,1.5643503001247119
megabyte1,388,16,1.505378455119678
megabyte1,389,16,1.3609134909127727
megabyte1,390,16,1.3770911085835222
megabyte1,391,16,1.29095203842932
megabyte1,392,16,1.4441479568943814
megabyte1,393,16,1.90812659141576
megabyte1,394,16,1.7185177277877561
megabyte1,395,16,2.0682916783219256
megabyte1,396,16,1.694732647872827
megabyte1,397,16,1.5665321922131603
megabyte1,398,16,1.509907101006078
megabyte1,399,16,1.5164245993947607
megabyte1,400,16,1.5741631758600299
megabyte1,401,16,1.6141707765262379
megabyte1,402,16,1.8347394904904781
megabyte1,403,16,1.8978790421454694
megabyte1,404,16,1.4973614234797703
megabyte1,405,16,1.5091470306171073
megabyte1,406,16,1.3622603655570555
megabyte1,407,16,1.4845167315528067
megabyte1,408,16,1.586933017555439
megabyte1,409,16,1.3776716246143133
megabyte1,410,16,1.6001861873193661
megabyte1,411,16,1.5396484302654267
megabyte1,412,16,1.507360457723767
megabyte1,413,16,1.454682808198941
megabyte1,414,16,1.6537294130547082
megabyte1,415,16,1.4356488520059891
megabyte1,416,16,1.7416874518047656
megabyte1,417,16,1.5941636194135391
megabyte1,418,16,1.4769543748819967
megabyte1,419,16,1.5983757702543724
megabyte1,420,16,1.6779773331824965
megabyte1,421,16,1.2571550983887325
megabyte1,422,16,1.123228173969664
megabyte1,423,16,1.9571307261094708
megabyte1,424,16,1.9146861993794702
megabyte1,425,16,1.9226500998829004
megabyte1,426,16,1.5606454158027057
megabyte1,427,16,1.40722036321365
megabyte1,428,16,1.5633941158424198
megabyte1,429,16,1.459686433142103
megabyte1,430,16,0.9924018026670756
megabyte1,431,16,1.291652133720632
megabyte1,432,16,1.3494252587762605
megabyte1,433,16,1.1202521028008505
megabyte1,434,16,1.3593921832272757
megabyte1,435,16,1.501094037904649
megabyte1,436,16,1.3393127052279779
megabyte1,437,16,1.6135301646480797
megabyte1,438,16,1.6785751011297576
megabyte1,439,16,1.4355817015177421
megabyte1,440,16,1.8415233164421763
megabyte1,441,16,1.5307316221522222
megabyte1,442,16,1.0397363216728717
megabyte1,443,16,1.3666594287270635
megabyte1,444,16,1.975741894788176
megabyte1,445,16,1.019859496535874
megabyte1,446,16,1.5502034930758875
megabyte1,447,16,1.4241527178527502
megabyte1,448,16,1.1503919507453506
megabyte1,449,16,1.3250867436516478
megabyte1,450,16,1.559037612470612
megabyte1,451,16,1.365809783369386
megabyte1,452,16,1.5068665724812431
megabyte1,453,16,1.2507301628745098
megabyte1,454,16,1.4467300849368454
megabyte1,455,16,1.4892112208043509
megabyte1,456,16,1.555377077868131
megabyte1,457,16,1.3756618022057858
megabyte1,458,16,1.4394966686272435
megabyte1,459,16,1.3809859384521053
megabyte1,460,16,1.4256541647991872
megabyte1,461,16,1.161347159012322
megabyte1,462,16,1.473917457623766
megabyte1,463,16,1.5574981728016486
megabyte1,464,16,1.2162293358389753
megabyte1,465,16,1.4859451281913385
megabyte1,466,16,1.10213321286391
megabyte1,467,16,1.682040363702939
megabyte1,468,16,1.6946645248962755
megabyte1,469,16,1.6391949296649655
megabyte1,470,16,1.430043780734122
megabyte1,471,16,1.5617628265639478
megabyte1,472,16,1.438656483010128
megabyte1,473,16,1.3905519888269249
megabyte1,474,16,1.3955553373928438
megabyte1,475,16,1.4948946055728136
megabyte1,476,16,1.3662239029578205
megabyte1,477,16,1.3821091102040994
megabyte1,478,16,1.2528982038834444
megabyte1,479,16,1.467125949468636
megabyte1,480,16,1.72051197175178
megabyte1,481,16,1.7526366849071784
megabyte1,482,16,1.8001621306648392
megabyte1,483,16,1.7623083043986745
megabyte1,484,16,1.8337276296558678
megabyte1,485,16,1.4744251629673353
megabyte1,486,16,1.5472624728690034
megabyte1,487,16,1.3744768452180474
megabyte1,488,16,1.4017682216059053
megabyte1,489,16,1.7503175561453406
megabyte1,490,16,1.2980264757682232
megabyte1,491,16,1.4485234386177799
megabyte1,492,16,1.7254806371059115
megabyte1,493,16,1.4472342475396238
megabyte1,494,16,1.593794370121539
megabyte1,495,16,1.5711323453507005
megabyte1,496,16,1.5266223161060146
megabyte1,497,16,1.4919500902939684
megabyte1,498,16,1.4465835239544247
megabyte1,499,16,1.1843978647636053
megabyte1,500,16,1.5497803680572266
megabyte1,501,16,1.3157188331194563
megabyte1,502,16,1.4377610443498519
megabyte1,503,16,1.6390802075298436
megabyte1,504,16,1.4733032717831722
megabyte1,505,16,1.3947279651545095
megabyte1,506,16,1.4819722928191708
megabyte1,507,16,1.2592255302478723
megabyte1,508,16,1.4639335591132465
megabyte1,509,16,1.832767870454623
megabyte1,510,16,1.619178137570405
megabyte1,511,16,1.5665250876526797
megabyte1,512,16,1.5183647849183939
megabyte1,513,16,1.769035114896725
megabyte1,514,16,1.329230030958582
megabyte1,515,16,1.4486922510365094
megabyte1,516,16,1.431497386800732
megabyte1,517,16,1.4780318999919746
megabyte1,518,16,1.4692814225357658
megabyte1,519,16,1.5075892285670633
megabyte1,520,16,1.3860387251792596
megabyte1,521,16,1.2382454201668955
megabyte1,522,16,1.5237508699504503
megabyte1,523,16,1.885734885133151
megabyte1,524,16,1.6504276804358802
megabyte1,525,16,1.608705458679239
megabyte1,526,16,1.1369944145602022
megabyte1,527,16,1.4131794371779407
megabyte1,528,16,1.8035743212677604
megabyte1,529,16,1.0150876745009643
megabyte1,530,16,1.2735508069306523
megabyte1,531,16,1.5172469198404954
megabyte1,532,16,1.3361912490768724
megabyte1,533,16,1.2686764245173838
megabyte1,534,16,1.509251170444582
megabyte1,535,16,1.8761206476086572
megabyte1,536,16,1.5011296550254496
megabyte1,537,16,1.8043487974597696
megabyte1,538,16,1.6658012486425282
megabyte1,539,16,1.1520407019244001
megabyte1,540,16,1.287515032261824
megabyte1,541,16,1.4602639311495447
megabyte1,542,16,1.622196661332352
megabyte1,543,16,1.2037342013396737
megabyte1,544,16,1.3838171574944427
megabyte1,545,16,1.7615545467247906
megabyte1,546,16,1.498310125747388
megabyte1,547,16,1.5084758812844845
megabyte1,548,16,1.6660389076529607
megabyte1,549,16,1.2926418647419695
megabyte1,550,16,1.0408183797698058
megabyte1,551,16,1.3651945009624435
megabyte1,552,16,1.4196354226625418
megabyte1,553,16,1.7223417539516768
megabyte1,554,16,1.5005209492432354
megabyte1,555,16,1.4569933835184996
megabyte1,556,16,1.2702181177271683
megabyte1,557,16,1.132880518187128
megabyte1,558,16,1.7313124694350837
megabyte1,559,16,1.296804633941437
megabyte1,560,16,1.1338874993053651
megabyte1,561,16,1.387819060986895
megabyte1,562,16,1.125522443535151
megabyte1,563,16,1.4300030278261728
megabyte1,564,16,1.3913255602632293
megabyte1,565,16,1.5997464922633151
megabyte1,566,16,1.2434304508703997
megabyte1,567,16,1.2786787953334586
megabyte1,568,16,1.5293827360404169
megabyte1,569,16,1.4680118799338553
megabyte1,570,16,1.2904881610924868
megabyte1,571,16,1.4634203246129713
megabyte1,572,16,1.328785724415638
megabyte1,573,16,1.9183123755972582
megabyte1,574,16,1.3092945461471466
megabyte1,575,16,1.6984047872666743
megabyte1,576,16,1.9733833976759754
megabyte1,577,16,1.7673482100390998
megabyte1,578,16,1.6759282751039155
megabyte1,579,16,1.6260206650223603
megabyte1,580,16,1.5174797592088427
megabyte1,581,16,1.7330639351835617
megabyte1,582,16,1.75283857273903
megabyte1,583,16,1.8748497455500397
megabyte1,584,16,1.9249390504373443
megabyte1,585,16,1.7466124149782023
megabyte1,586,16,1.7787695218830402
megabyte1,587,16,1.8583689386537208
megabyte1,588,16,1.5142629129055183
megabyte1,589,16,1.6004053880677513
megabyte1,590,16,1.506988715536836
megabyte1,591,16,1.7652992645858259
megabyte1,592,16,1.6235127896770711
megabyte1,593,16,1.3622316802326249
megabyte1,594,16,1.265288915067061
megabyte1,595,16,1.3909027189808532
megabyte1,596,16,1.2242354032449205
megabyte1,597,16,1.5795596550320294
megabyte1,598,16,1.5937399349055896
megabyte1,599,16,1.6184627156301241
megabyte1,600,16,1.7103325604824196
megabyte1,601,16,1.2001726413547567
megabyte1,602,16,1.5311871580217675
megabyte1,603,16,1.4189838821298306
megabyte1,604,16,1.4788429876083669
megabyte1,605,16,1.3491329806945282
megabyte1,606,16,1.4824362468270147
megabyte1,607,16,1.5602143158275914
megabyte1,608,16,1.4335758700637782
megabyte1,609,16,1.6167803362401696
megabyte1,610,16,1.2590853096973789
megabyte1,611,16,1.6543149666278727
megabyte1,612,16,1.2072804610786885
megabyte1,613,16,1.2585188313636828
megabyte1,614,16,1.3983053505767031
megabyte1,615,16,1.444349574386174
megabyte1,616,16,1.2438436226403922
megabyte1,617,16,1.3693291911363508
megabyte1,618,16,1.1186909691048594
megabyte1,619,16,1.4234227811244209
megabyte1,620,16,1.3618619377892731
megabyte1,621,16,1.2695759413797525
megabyte1,622,16,1.3991087905385404
megabyte1,623,16,1.335139672981063
megabyte1,624,16,1.416806063111109
megabyte1,625,16,1.664114413729532
megabyte1,626,16,1.2830383439943862
megabyte1,627,16,1.2758775937823728
megabyte1,628,16,1.3009759884929755
megabyte1,629,16,2.224222882052546
megabyte1,630,16,1.2994711538116928
megabyte1,631,16,1.5465354146788124
megabyte1,632,16,1.2353030215739567
megabyte1,633,16,1.7579326821617165
megabyte1,634,16,1.1473035976630672
megabyte1,635,16,1.2732060276624104
megabyte1,636,16,1.2105004433655107
megabyte1,637,16,1.8352660644261782
megabyte1,638,16,1.262561516418278
megabyte1,639,16,1.6283622337968435
megabyte1,640,16,1.4335708066124107
megabyte1,641,16,1.5577266842028277
megabyte1,642,16,1.3103110231732786
megabyte1,643,16,1.6252452303481175
megabyte1,644,16,1.4566484763787462
megabyte1,645,16,1.2428242023571985
megabyte1,646,16,1.488819675528849
megabyte1,647,16,1.2030720915897486
megabyte1,648,16,1.3518032439429648
megabyte1,649,16,1.6596110236926962
megabyte1,650,16,1.746038128474459
megabyte1,651,16,1.4327450129081398
megabyte1,652,16,1.4365320163893118
megabyte1,653,16,1.2620305049277365
megabyte1,654,16,1.305525659950657
megabyte1,655,16,1.9294040765193223
megabyte1,656,16,1.9506700631726166
megabyte1,657,16,1.8125113381754077
megabyte1,658,16,1.397141654098905
megabyte1,659,16,1.3938577917968396
megabyte1,660,16,1.5567965826252825
megabyte1,661,16,1.4393534095567395
megabyte1,662,16,1.2299288675576934
megabyte1,663,16,1.9446557546615313
megabyte1,664,16,1.40641955969418
megabyte1,665,16,1.2933475949342432
megabyte1,666,16,1.5160024111703991
megabyte1,667,16,1.6158060899569957
megabyte1,668,16,1.7328147176485171
megabyte1,669,16,1.6060633281972965
megabyte1,670,16,1.1572745149826376
megabyte1,671,16,1.927782776343869
megabyte1,672,16,1.9667884380858673
megabyte1,673,16,1.5194420784521891
megabyte1,674,16,2.160013398754228
megabyte1,675,16,1.870619745652356
megabyte1,676,16,1.7288618231698136
megabyte1,677,16,1.980497842969058
megabyte1,678,16,1.4076798154313104
megabyte1,679,16,1.7514338456205354
megabyte1,680,16,1.9094250026844257
megabyte1,681,16,1.7432447387734114
megabyte1,682,16,1.225887132346737
megabyte1,683,16,1.4728754861768862
megabyte1,684,16,1.4401474459554942
megabyte1,685,16,1.2895291000231797
megabyte1,686,16,2.202339876739281
megabyte1,687,16,1.899131397856713
megabyte1,688,16,1.5411097752703755
megabyte1,689,16,1.2562255757198588
megabyte1,690,16,1.156183272195055
megabyte1,691,16,1.5315375453775828
megabyte1,692,16,1.568402758236546
megabyte1,693,16,1.8629886911594506
megabyte1,694,16,1.4918194630882171
megabyte1,695,16,1.8542798269192537
megabyte1,696,16,1.5334213099988145
megabyte1,697,16,1.3852944119724302
megabyte1,698,16,1.344587191791938
megabyte1,699,16,1.7765049113266949
megabyte1,700,16,1.8240963760687405
megabyte1,701,16,1.5277098174087513
megabyte1,702,16,1.3644000382275137
megabyte1,703,16,1.2287725852414315
megabyte1,704,16,1.273533594455167
megabyte1,705,16,1.165720886546501
megabyte1,706,16,1.3920539753842385
megabyte1,707,16,1.3722946138334315
megabyte1,708,16,1.0493431143349339
megabyte1,709,16,1.1684981465635238
megabyte1,710,16,1.1933752586075907
megabyte1,711,16,1.2963275360131525
megabyte1,712,16,1.436923095638202
megabyte1,713,16,1.2401422233527162
megabyte1,714,16,1.5031166572188865
megabyte1,715,16,1.415680263739232
megabyte1,716,16,1.1230533057803376
megabyte1,717,16,1.6721831648624674
megabyte1,718,16,1.0875712116102882
megabyte1,719,16,1.1264700744620662
megabyte1,720,16,1.348228993283837
megabyte1,721,16,1.3567844211488638
megabyte1,722,16,1.5267898672145415
megabyte1,723,16,1.5314552021823014
megabyte1,724,16,1.7739904574914087
megabyte1,725,16,1.245672569091593
megabyte1,726,16,1.5048316306309226
megabyte1,727,16,1.4707765634219723
megabyte1,728,16,1.0635647060032556
megabyte1,729,16,1.2627360147705204
megabyte1,730,16,1.5061821761516254
megabyte1,731,16,1.7073273895712222
megabyte1,732,16,1.3803855715002769
megabyte1,733,16,1.7106335235303651
megabyte1,734,16,1.2664588806062327
megabyte1,735,16,1.5090687775715634
megabyte1,736,16,1.3487836566444542
megabyte1,737,16,1.3535144835538566
megabyte1,738,16,1.1873697743622256
megabyte1,739,16,1.380466963352944
megabyte1,740,16,1.1885372399524576
megabyte1,741,16,1.1826330737184858
megabyte1,742,16,1.3798476438176734
megabyte1,743,16,1.2596240050666505
megabyte1,744,16,1.3602748219973948
megabyte1,745,16,1.4651644267048758
megabyte1,746,16,1.4257893261392636
megabyte1,747,16,1.618737206152982
megabyte1,748,16,1.5719497709959818
megabyte1,749,16,1.5339323555013353
megabyte1,750,16,1.3788031481131264
megabyte1,751,16,1.202572974577884
megabyte1,752,16,1.5051953034582624
megabyte1,753,16,1.2270913652183895
megabyte1,754,16,1.6932614200994591
megabyte1,755,16,1.6512969113730864
megabyte1,756,16,1.3707347900395739
megabyte1,757,16,1.8267627703938099
megabyte1,758,16,1.3790566028890525
megabyte1,759,16,1.6330606753899186
megabyte1,760,16,1.8904151773952618
megabyte1,761,16,1.3585165077074897
megabyte1,762,16,1.5392714128628757
megabyte1,763,16,1.3897616452268373
megabyte1,764,16,1.671327351373661
megabyte1,765,16,1.596792150724584
megabyte1,766,16,1.4688485034312064
megabyte1,767,16,1.194336452679394
megabyte1,768,16,1.8020580396738441
megabyte1,769,16,1.3203637124143612
megabyte1,770,16,2.0471658468000227
megabyte1,771,16,1.7175887384119548
megabyte1,772,16,1.860101908343749
megabyte1,773,16,1.6953697960833305
megabyte1,774,16,1.3417611354179713
megabyte1,775,16,1.617218268842508
megabyte1,776,16,1.5038168414395596
megabyte1,777,16,1.5685258634666097
megabyte1,778,16,1.4563224704846431
megabyte1,779,16,1.325483793125258
megabyte1,780,16,1.6656846713965117
megabyte1,781,16,1.739837004686344
megabyte1,782,16,1.3117342677185497
megabyte1,783,16,1.6756832674580127
megabyte1,784,16,1.6786870619879843
megabyte1,785,16,1.692542335003372
megabyte1,786,16,1.482595757221816
megabyte1,787,16,1.6439481931735882
megabyte1,788,16,1.4398239265259296
megabyte1,789,16,1.7748536469955822
megabyte1,790,16,1.4412301571800297
megabyte1,791,16,1.852716451509371
megabyte1,792,16,1.4548047370038624
megabyte1,793,16,1.3515650115677418
megabyte1,794,16,1.4770181158768574
megabyte1,795,16,1.5834450226887233
megabyte1,796,16,1.3250263510930496
megabyte1,797,16,1.3913122404827176
megabyte1,798,16,1.495956985619413
megabyte1,799,16,1.8143929433990067
megabyte1,800,16,1.5698186520962945
megabyte1,801,16,1.2201564090031964
megabyte1,802,16,1.3457814395944383
megabyte1,803,16,1.298783100211115
megabyte1,804,16,1.459018539171516
megabyte1,805,16,1.6752875432390357
megabyte1,806,16,1.4357951708403347
megabyte1,807,16,1.2872202128440675
megabyte1,808,16,1.297272903647457
megabyte1,809,16,1.652315185065739
megabyte1,810,16,1.7436933393412155
megabyte1,811,16,1.4511325371293844
megabyte1,812,16,1.664760086420497
megabyte1,813,16,1.628766464947823
megabyte1,814,16,1.4930893180162796
megabyte1,815,16,1.3344973098163397
megabyte1,816,16,1.4122421205788682
megabyte1,817,16,1.6821553202571298
megabyte1,818,16,1.3678797225158992
megabyte1,819,16,1.6658418670324648
megabyte1,820,16,1.7301645905148042
megabyte1,821,16,1.6761516502762563
megabyte1,822,16,1.6021805613564097
megabyte1,823,16,1.3172388357543103
megabyte1,824,16,1.563141052594831
megabyte1,825,16,1.556278372807548
megabyte1,826,16,1.4163353156053184
megabyte1,827,16,1.4457662545676768
megabyte1,828,16,1.6050836646458109
megabyte1,829,16,1.4945449483950608
megabyte1,830,16,2.031517127250549
megabyte1,831,16,2.0090698762840646
megabyte1,832,16,1.5756397707742733
megabyte1,833,16,1.7826686476941442
megabyte1,834,16,1.2364083014486058
megabyte1,835,16,1.4037756090998508
megabyte1,836,16,1.5638861425314488
megabyte1,837,16,1.6363706254923314
megabyte1,838,16,2.022828491517727
megabyte1,839,16,1.4921120759184012
megabyte1,840,16,1.8210034551208272
megabyte1,841,16,1.2329532667168606
megabyte1,842,16,1.441767489888783
megabyte1,843,16,1.7712080578451104
megabyte1,844,16,1.5092618444932182
megabyte1,845,16,1.6297360996961392
megabyte1,846,16,1.612658068825751
megabyte1,847,16,1.230865222690105
megabyte1,848,16,1.4663945976690758
megabyte1,849,16,1.5762823048401609
megabyte1,850,16,1.483985341549849
megabyte1,851,16,1.3353141265853734
megabyte1,852,16,1.6499558034724409
megabyte1,853,16,1.7682684967916689
megabyte1,854,16,1.9933858132404205
megabyte1,855,16,1.5776893645894143
megabyte1,856,16,1.2748986900625094
megabyte1,857,16,1.8850768595669691
megabyte1,858,16,1.2965068080796143
megabyte1,859,16,1.372271333827949
megabyte1,860,16,1.3668983139238347
megabyte1,861,16,1.3125016855455107
megabyte1,862,16,1.5910147562214803
megabyte1,863,16,1.667383562862641
megabyte1,864,16,2.0438217585820038
megabyte1,865,16,1.669880333683177
megabyte1,866,16,1.6455644626430534
megabyte1,867,16,1.7646930563801202
megabyte1,868,16,1.727514896614516
megabyte1,869,16,1.5942182066415675
megabyte1,870,16,1.4665304601331561
megabyte1,871,16,1.878159963218313
megabyte1,872,16,1.5367759227817441
megabyte1,873,16,1.721201849610296
megabyte1,874,16,1.6996821414131678
megabyte1,875,16,1.5867798285414572
megabyte1,876,16,1.6343947361319755
megabyte1,877,16,1.5077478578618382
megabyte1,878,16,1.9668847840194281
megabyte1,879,16,1.3120921533898509
megabyte1,880,16,2.0850445405509226
megabyte1,881,16,1.361733351606599
megabyte1,882,16,1.5950522947545271
megabyte1,883,16,1.9660645290988215
megabyte1,884,16,1.6724118311052492
megabyte1,885,16,1.6872919362880943
megabyte1,886,16,1.672696089017447
megabyte1,887,16,1.7350116921440508
megabyte1,888,16,2.3928854129210166
megabyte1,889,16,1.7126751478133215
megabyte1,890,16,1.7843244688674238
megabyte1,891,16,1.7513191977315756
megabyte1,892,16,1.6895640473295028
megabyte1,893,16,1.4037961701617536
megabyte1,894,16,1.5791973819077227
megabyte1,895,16,1.7498106825364652
megabyte1,896,16,1.442263261614169
megabyte1,897,16,1.746096936286769
megabyte1,898,16,1.7386466654206103
megabyte1,899,16,1.579803341106404
megabyte1,900,16,1.1292591472421227
megabyte1,901,16,1.6477631434339
megabyte1,902,16,1.6407565310581316
megabyte1,903,16,1.4412701740944902
megabyte1,904,16,1.7190456489582104
megabyte1,905,16,1.6932885741405561
megabyte1,906,16,1.4595462932911876
megabyte1,907,16,1.6141423636597796
megabyte1,908,16,1.5599893511784255
megabyte1,909,16,1.5845355770340603
megabyte1,910,16,1.7909886601919862
megabyte1,911,16,2.0519227153373114
megabyte1,912,16,1.8347740167898945
megabyte1,913,16,1.9573679256354088
megabyte1,914,16,1.7680980543568874
megabyte1,915,16,1.5727880469465545
megabyte1,916,16,1.6698039379636642
megabyte1,917,16,1.9012987843944837
megabyte1,918,16,1.4972806090600677
megabyte1,919,16,2.0541507814847635
megabyte1,920,16,1.6351514814887662
megabyte1,921,16,1.9094688372423008
megabyte1,922,16,1.4614203967998427
megabyte1,923,16,1.70932191286435
megabyte1,924,16,1.46052310183975
megabyte1,925,16,1.920143274782708
megabyte1,926,16,1.8574447076473652
megabyte1,927,16,1.484062830171639
megabyte1,928,16,1.9214055619780763
megabyte1,929,16,1.6550044874931973
megabyte1,930,16,1.5155527384153094
megabyte1,931,16,1.7652846420128974
megabyte1,932,16,1.6646915585878772
megabyte1,933,16,1.6298012183286754
megabyte1,934,16,1.7378740033620461
megabyte1,935,16,1.608554429137539
megabyte1,936,16,1.510858236110774
megabyte1,937,16,2.3403062442810474
megabyte1,938,16,1.8515796922261958
megabyte1,939,16,1.5740563071290716
megabyte1,940,16,1.853396977554479
megabyte1,941,16,1.463167207520828
megabyte1,942,16,1.5590372494049771
megabyte1,943,16,1.6543046730085522
megabyte1,944,16,1.697156242384788
megabyte1,945,16,1.568662781924356
megabyte1,946,16,1.5791118779981295
megabyte1,947,16,1.4675605285678306
megabyte1,948,16,1.9195974390346806
megabyte1,949,16,1.4717826582115103
megabyte1,950,16,1.6759618928038416
megabyte1,951,16,1.620018818927719
megabyte1,952,16,1.5973401480073095
megabyte1,953,16,1.645562818752246
megabyte1,954,16,1.7162508636411116
megabyte1,955,16,1.8588348833792654
megabyte1,956,16,1.3345972305342568
megabyte1,957,16,1.6736313009374937
megabyte1,958,16,1.741595327851532
megabyte1,959,16,1.2117691245563393
megabyte1,960,16,1.9026279630890095
megabyte1,961,16,1.7520761365277981
megabyte1,962,16,1.8261100978979314
megabyte1,963,16,1.7645352238450334
megabyte1,964,16,1.588656081193141
megabyte1,965,16,2.0609364851830128
megabyte1,966,16,1.5890366610736355
megabyte1,967,16,1.6918357168605092
megabyte1,968,16,1.5184685822819877
megabyte1,969,16,1.3567269590842765
megabyte1,970,16,1.8747707613289966
megabyte1,971,16,1.7061486357000482
megabyte1,972,16,1.3712048175154314
megabyte1,973,16,1.614546641235601
megabyte1,974,16,1.3482291036758205
megabyte1,975,16,1.2794504704914293
megabyte1,976,16,1.5330766093952872
megabyte1,977,16,1.195670663243394
megabyte1,978,16,1.3769397691560479
megabyte1,979,16,2.004870200638085
megabyte1,980,16,1.3216664444851047
megabyte1,981,16,1.2347175198002038
megabyte1,982,16,1.3746773661035092
megabyte1,983,16,1.239094856973805
megabyte1,984,16,1.6508900680552914
megabyte1,985,16,1.5677620500587501
megabyte1,986,16,1.5675887425677015
megabyte1,987,16,1.443773616169918
megabyte1,988,16,1.4149562669892466
megabyte1,989,16,1.599977804524891
megabyte1,990,16,1.3776947504144772
megabyte1,991,16,1.496122207076026
megabyte1,992,16,1.6285890721316216
megabyte1,993,16,1.6749686725173627
megabyte1,994,16,1.4997761993599905
megabyte1,995,16,1.2863728514365027
megabyte1,996,16,1.7333807868612139
megabyte1,997,16,1.6294491691764112
megabyte1,998,16,1.3700268549983727
megabyte1,999,16,1.8297443087510155
megabyte1,1000,16,1.8453471682440628
megabyte1,1001,16,1.2960725031231355
megabyte1,1002,16,1.6716011365997396
megabyte1,1003,16,1.4143584919123822
megabyte1,1004,16,1.7767208857954344
megabyte1,1005,16,1.6124091252539627
megabyte1,1006,16,1.585019500532051
megabyte1,1007,16,1.2489740812673118
megabyte1,1008,16,1.6134212844309963
megabyte1,1009,16,1.5915391017418419
megabyte1,1010,16,1.4528342743932834
megabyte1,1011,16,1.7048120111010108
megabyte1,1012,16,1.4024067959303401
megabyte1,1013,16,1.3059156999591621
megabyte1,1014,16,1.9295165520130717
megabyte1,1015,16,1.6854332140290522
megabyte1,1016,16,1.7722303502184713
megabyte1,1017,16,1.5320777123770706
megabyte1,1018,16,1.6676560547744692
megabyte1,1019,16,1.55969548438333
megabyte1,1020,16,2.020631743480462
megabyte1,1021,16,1.8168447703256312
megabyte1,1022,16,1.761908938027012
megabyte1,1023,16,1.6820366784491214
megabyte1,1024,16,1.7868875137590132
megabyte1,1025,16,1.8622217606395004
megabyte1,1026,16,1.8476609577394318
megabyte1,1027,16,2.030946060629746
megabyte1,1028,16,1.773970951068954
megabyte1,1029,16,1.531063885088264
megabyte1,1030,16,1.3587305010515898
megabyte1,1031,16,1.3168022766135805
megabyte1,1032,16,1.4889072090968316
megabyte1,1033,16,1.930257493583137
megabyte1,1034,16,1.8393587132798326
megabyte1,1035,16,1.8067273602247238
megabyte1,1036,16,1.8546394944715483
megabyte1,1037,16,1.6877704763994394
megabyte1,1038,16,1.4122805800455847
megabyte1,1039,16,1.752384580734406
megabyte1,1040,16,1.5461648817751885
megabyte1,1041,16,1.7179600775604125
megabyte1,1042,16,2.0419373086299397
megabyte1,1043,16,1.5747162600594915
megabyte1,1044,16,1.4438093563188221
megabyte1,1045,16,1.7506177901919961
megabyte1,1046,16,1.8305330038815488
megabyte1,1047,16,1.7634594927738807
megabyte1,1048,16,1.9026836385749295
megabyte1,1049,16,1.6260666639024817
megabyte1,1050,16,1.9456770552051725
megabyte1,1051,16,1.877038779220058
megabyte1,1052,16,1.6368488348518708
megabyte1,1053,16,1.5221271622677068
megabyte1,1054,16,1.7380681943982552
megabyte1,1055,16,1.5745746074986706
megabyte1,1056,16,1.8926590481184957
megabyte1,1057,16,1.8049842361368056
megabyte1,1058,16,1.8928438093811977
megabyte1,1059,16,1.8409274717249273
megabyte1,1060,16,1.6154323875897538
megabyte1,1061,16,1.6561001124822434
megabyte1,1062,16,1.9011885931272166
megabyte1,1063,16,1.8092671784995318
megabyte1,1064,16,1.7552488073019343
megabyte1,1065,16,1.6175981294328117
megabyte1,1066,16,1.5754902099090473
megabyte1,1067,16,1.7393785662497352
megabyte1,1068,16,1.6254963889032694
megabyte1,1069,16,1.8599612561305199
megabyte1,1070,16,1.7235652137653954
megabyte1,1071,16,1.5560558089523626
megabyte1,1072,16,1.6555869017060312
megabyte1,1073,16,1.9607109835194283
megabyte1,1074,16,1.820465534657731
megabyte1,1075,16,1.925085269945238
megabyte1,1076,16,2.126108564926472
megabyte1,1077,16,1.8295334690884957
megabyte1,1078,16,1.9768127578977683
megabyte1,1079,16,1.6998985089837184
megabyte1,1080,16,1.7993097587459537
megabyte1,1081,16,1.452797725715311
megabyte1,1082,16,1.5573110641545855
megabyte1,1083,16,1.8655057251179614
megabyte1,1084,16,1.7533050351018415
megabyte1,1085,16,1.8941516542797605
megabyte1,1086,16,1.5966017257976661
megabyte1,1087,16,1.8736173413530746
megabyte1,1088,16,1.9010529295675764
megabyte1,1089,16,1.625939008789629
megabyte1,1090,16,1.702081613603537
megabyte1,1091,16,1.7837511352407618
megabyte1,1092,16,1.98622051480169
megabyte1,1093,16,1.9819146589286087
megabyte1,1094,16,1.7536587952706808
megabyte1,1095,16,1.7153562797801483
megabyte1,1096,16,1.5398999551842913
megabyte1,1097,16,1.4698682354218469
megabyte1,1098,16,1.9295203277201762
megabyte1,1099,16,1.7900398923436873
megabyte1,1100,16,1.5205163695957313
megabyte1,1101,16,1.7294149525638456
megabyte1,1102,16,1.9547900592876417
megabyte1,1103,16,1.7845873260188805
megabyte1,1104,16,1.7745231649958795
megabyte1,1105,16,1.4257099319332966
megabyte1,1106,16,1.7389585819140911
megabyte1,1107,16,1.8366357359896013
megabyte1,1108,16,1.6039699380794794
megabyte1,1109,16,1.7124265906440923
megabyte1,1110,16,1.4063661869837796
megabyte1,1111,16,1.9249441933607323
megabyte1,1112,16,1.8815266948418703
megabyte1,1113,16,1.6929303971651435
megabyte1,1114,16,2.061486903425261
megabyte1,1115,16,1.5996579433334068
megabyte1,1116,16,1.759730610313623
megabyte1,1117,16,1.6919356653041486
megabyte1,1118,16,1.6457115991944038
megabyte1,1119,16,1.8946520528859538
megabyte1,1120,16,1.806501437929446
megabyte1,1121,16,1.529299559212348
megabyte1,1122,16,1.5846587996332746
megabyte1,1123,16,1.7343844631946248
megabyte1,1124,16,1.5878714169165205
megabyte1,1125,16,1.9190843284684256
megabyte1,1126,16,1.5447159030948006
megabyte1,1127,16,1.556307711086569
megabyte1,1128,16,1.6022561510653617
megabyte1,1129,16,1.4172431201471514
megabyte1,1130,16,1.4813286619603736
megabyte1,1131,16,1.7010057343771894
megabyte1,1132,16,1.3635767820132494
megabyte1,1133,16,1.5500282494348927
megabyte1,1134,16,1.8072942256278224
megabyte1,1135,16,1.815870473371298
megabyte1,1136,16,1.5971884595665833
megabyte1,1137,16,1.9480540797974573
megabyte1,1138,16,1.6696155222932114
megabyte1,1139,16,1.5552458667639582
megabyte1,1140,16,1.68152126063232
megabyte1,1141,16,1.7160163114342406
megabyte1,1142,16,1.489892240541299
megabyte1,1143,16,1.8972385747513296
megabyte1,1144,16,1.548103016608746
megabyte1,1145,16,1.5269573306698645
megabyte1,1146,16,1.8140860438553976
megabyte1,1147,16,1.7530690034611869
megabyte1,1148,16,1.6053262959204484
megabyte1,1149,16,1.6540163795882319
megabyte1,1150,16,1.7569228115297777
megabyte1,1151,16,1.4641334056200024
megabyte1,1152,16,2.0181611425456674
megabyte1,1153,16,1.7656990728676538
megabyte1,1154,16,1.8643468017002078
megabyte1,1155,16,1.9639720476327065
megabyte1,1156,16,1.7817748736996333
megabyte1,1157,16,1.7825126189822735
megabyte1,1158,16,1.9064546052008722
megabyte1,1159,16,1.4775229306270334
megabyte1,1160,16,1.5399256987798078
megabyte1,1161,16,1.9105815027793427
megabyte1,1162,16,2.0350887415136225
megabyte1,1163,16,1.769620570790967
megabyte1,1164,16,1.8802487720406569
megabyte1,1165,16,1.703173955758193
megabyte1,1166,16,1.7668878369540713
megabyte1,1167,16,1.8397120670826999
megabyte1,1168,16,1.6583160236029422
megabyte1,1169,16,1.6855516641024544
megabyte1,1170,16,1.862845991176091
megabyte1,1171,16,1.7576525387358657
megabyte1,1172,16,1.5031626110701353
megabyte1,1173,16,1.6628988669255442
megabyte1,1174,16,1.6518037571088102
megabyte1,1175,16,1.4153720537520444
megabyte1,1176,16,1.7254592974631247
megabyte1,1177,16,1.7769011285746252
megabyte1,1178,16,1.4653336947061402
megabyte1,1179,16,1.6755901737035603
megabyte1,1180,16,1.6343127349933166
megabyte1,1181,16,1.7441192276986537
megabyte1,1182,16,1.6168300253398726
megabyte1,1183,16,1.5332952282717867
megabyte1,1184,16,1.518099162793181
megabyte1,1185,16,1.4939818800020168
megabyte1,1186,16,1.6024361069392508
megabyte1,1187,16,1.375618495910684
megabyte1,1188,16,1.6881901436730873
megabyte1,1189,16,1.5737548856039718
megabyte1,1190,16,1.3566284179417416
megabyte1,1191,16,1.5890496486298618
megabyte1,1192,16,1.621129823289508
megabyte1,1193,16,1.449250237685407
megabyte1,1194,16,1.7508973702016246
megabyte1,1195,16,1.837528410527268
megabyte1,1196,16,1.805395885015841
megabyte1,1197,16,1.6055559276961626
megabyte1,1198,16,1.6840607282245366
megabyte1,1199,16,1.820736196350408
megabyte1,1200,16,1.930997257009033
megabyte1,1201,16,1.9369563479475704
megabyte1,1202,16,1.670477792925854
megabyte1,1203,16,1.5498004419106053
megabyte1,1204,16,1.7911634015138322
megabyte1,1205,16,1.6051859665108836
megabyte1,1206,16,1.9532891030266037
megabyte1,1207,16,2.0096939960683375
megabyte1,1208,16,1.8121945222215599
megabyte1,1209,16,1.6697429979654599
megabyte1,1210,16,1.9412890510446421
megabyte1,1211,16,1.8777225188465398
megabyte1,1212,16,1.6575528608632386
megabyte1,1213,16,1.4061024063643062
megabyte1,1214,16,1.8684456282875417
megabyte1,1215,16,1.7139155479070436
megabyte1,1216,16,1.9862374057751895
megabyte1,1217,16,1.6087740896772242
megabyte1,1218,16,1.7496922129882395
megabyte1,1219,16,1.8446454014144151
megabyte1,1220,16,1.921440692893557
megabyte1,1221,16,1.7102127804702507
megabyte1,1222,16,1.5108205092124734
megabyte1,1223,16,1.5984545363834575
megabyte1,1224,16,1.5978084697144723
megabyte1,1225,16,1.6976862613217008
megabyte1,1226,16,1.769754437475992
megabyte1,1227,16,1.8949273600245715
megabyte1,1228,16,1.4947799398362622
megabyte1,1229,16,1.6364905042390558
megabyte1,1230,16,1.4208761626858744
megabyte1,1231,16,1.465426583645232
megabyte1,1232,16,1.596048410292046
megabyte1,1233,16,1.5118003956739174
megabyte1,1234,16,1.746175692665397
megabyte1,1235,16,1.4872423752599908
megabyte1,1236,16,1.655047564165875
megabyte1,1237,16,1.3482638697534601
megabyte1,1238,16,1.8418011259178384
megabyte1,1239,16,1.3898955645967876
megabyte1,1240,16,1.6611569632900012
megabyte1,1241,16,1.4364995299979144
megabyte1,1242,16,1.5463824570096445
megabyte1,1243,16,1.4497733029224151
megabyte1,1244,16,1.4917380198225547
megabyte1,1245,16,1.9633046651101618
megabyte1,1246,16,1.7915167699547911
megabyte1,1247,16,1.1557608069291907
megabyte1,1248,16,1.6994056882849786
megabyte1,1249,16,1.6864824852880969
megabyte1,1250,16,1.931265010416977
megabyte1,1251,16,1.8556432934556781
megabyte1,1252,16,1.8409323958788888
megabyte1,1253,16,1.9299440236342447
megabyte1,1254,16,2.179923764581767
megabyte1,1255,16,1.5403103803316236
megabyte1,1256,16,1.8850335249137602
megabyte1,1257,16,1.5198556519027706
megabyte1,1258,16,1.7500091291032087
megabyte1,1259,16,1.4125266992145182
megabyte1,1260,16,1.6886202104919001
megabyte1,1261,16,1.7525771942029882
megabyte1,1262,16,1.6217926294317375
megabyte1,1263,16,1.9690821934183051
megabyte1,1264,16,1.7036270899470445
megabyte1,1265,16,1.665749037205005
megabyte1,1266,16,1.4746251487250364
megabyte1,1267,16,1.5129915174868622
megabyte1,1268,16,1.7703845221252454
megabyte1,1269,16,1.7834936874913894
megabyte1,1270,16,1.4215416953876068
megabyte1,1271,16,1.727355261531528
megabyte1,1272,16,1.7673257394400836
megabyte1,1273,16,1.5246396603663235
megabyte1,1274,16,1.553786752261094
megabyte1,1275,16,1.7322912098110572
megabyte1,1276,16,1.6323803693068049
megabyte1,1277,16,1.6450888997616073
megabyte1,1278,16,1.836473909970164
megabyte1,1279,16,1.582440241407431
megabyte1,1280,16,1.5528051214442036
megabyte1,1281,16,1.4147024053598272
megabyte1,1282,16,1.5394341418957211
megabyte1,1283,16,1.3227959318532883
megabyte1,1284,16,1.5329194481010098
megabyte1,1285,16,1.9176637590569714
megabyte1,1286,16,1.7195891937697463
megabyte1,1287,16,1.7398382256072393
megabyte1,1288,16,1.66406147427813
megabyte1,1289,16,1.883263874991652
megabyte1,1290,16,1.9258658347735216
megabyte1,1291,16,1.4226606756140805
megabyte1,1292,16,1.364774208825922
megabyte1,1293,16,1.7606666366377617
megabyte1,1294,16,1.7182714894989473
megabyte1,1295,16,1.38806291502508
megabyte1,1296,16,1.4753428718334411
megabyte1,1297,16,1.8956820397270362
megabyte1,1298,16,1.9073441303356449
megabyte1,1299,16,1.5089712936491677
megabyte1,1300,16,1.3995627932965815
megabyte1,1301,16,1.93548790659058
megabyte1,1302,16,1.6347758659792595
megabyte1,1303,16,1.8431203842731734
megabyte1,1304,16,1.5722744305592464
megabyte1,1305,16,1.6823785978480927
megabyte1,1306,16,1.7399988747332094
megabyte1,1307,16,1.6088945665341823
megabyte1,1308,16,1.7165606593377953
megabyte1,1309,16,1.4564674218599327
megabyte1,1310,16,1.8537112793503852
megabyte1,1311,16,1.8200427279437317
megabyte1,1312,16,1.6627940556038319
megabyte1,1313,16,1.6995828257399592
megabyte1,1314,16,1.5641168820068836
megabyte1,1315,16,1.6219354292565702
megabyte1,1316,16,1.6986453695037347
megabyte1,1317,16,1.8806554245566403
megabyte1,1318,16,1.5292203791504912
megabyte1,1319,16,1.5209036845703063
megabyte1,1320,16,1.5149537172595768
megabyte1,1321,16,1.3587236607614943
megabyte1,1322,16,1.8715948205327952
megabyte1,1323,16,1.4444473831339402
megabyte1,1324,16,1.2778878824523972
megabyte1,1325,16,1.3245511675966792
megabyte1,1326,16,1.5085198859090345
megabyte1,1327,16,1.344878591459005
megabyte1,1328,16,1.8058014097811868
megabyte1,1329,16,1.3605667484513673
megabyte1,1330,16,1.1825410010310626
megabyte1,1331,16,1.6011866852484669
megabyte1,1332,16,1.2824235335393712
megabyte1,1333,16,1.9174959337649993
megabyte1,1334,16,2.102021088943237
megabyte1,1335,16,1.4222779907285596
megabyte1,1336,16,1.7653540573980457
megabyte1,1337,16,1.7390163424725917
megabyte1,1338,16,1.9725811530901123
megabyte1,1339,16,1.4796219176096055
megabyte1,1340,16,1.5576577243909075
megabyte1,1341,16,1.4989345062509087
megabyte1,1342,16,1.3464570325351677
megabyte1,1343,16,1.5846825366772184
megabyte1,1344,16,1.8179401166614304
megabyte1,1345,16,1.8565850737874252
megabyte1,1346,16,1.9818281592912008
megabyte1,1347,16,1.8812903632262876
megabyte1,1348,16,1.5800468233192753
megabyte1,1349,16,1.6675635043087
megabyte1,1350,16,1.571618824835309
megabyte1,1351,16,1.7217869535068675
megabyte1,1352,16,2.0136946418484936
megabyte1,1353,16,1.4801161615667142
megabyte1,1354,16,1.782791851727389
megabyte1,1355,16,1.6024650588881617
megabyte1,1356,16,1.6581647763220533
megabyte1,1357,16,1.5471702366164704
megabyte1,1358,16,1.6898510265815803
megabyte1,1359,16,1.7985974668546765
megabyte1,1360,16,1.244299512170796
megabyte1,1361,16,1.6458587050883635
megabyte1,1362,16,1.6933611983771926
megabyte1,1363,16,1.5879003467092039
megabyte1,1364,16,1.5930408890177667
megabyte1,1365,16,1.736065220902404
megabyte1,1366,16,1.618583332158599
megabyte1,1367,16,1.4385418207758731
megabyte1,1368,16,1.4423184539755882
megabyte1,1369,16,1.3545415268008585
megabyte1,1370,16,1.5146722074037684
megabyte1,1371,16,1.4541775074534617
megabyte1,1372,16,1.6833481814237685
megabyte1,1373,16,1.7722383251713416
megabyte1,1374,16,1.685425670858413
megabyte1,1375,16,1.6247257126499368
megabyte1,1376,16,1.5553281891374797
megabyte1,1377,16,1.191861514614182
megabyte1,1378,16,1.3687847094664802
megabyte1,1379,16,1.467752687870942
megabyte1,1380,16,1.5380497724223976
megabyte1,1381,16,1.6407577834151919
megabyte1,1382,16,1.5016040627097125
megabyte1,1383,16,1.3899039611829762
megabyte1,1384,16,1.698645039941737
megabyte1,1385,16,1.3044987066723404
megabyte1,1386,16,1.4697343903639297
megabyte1,1387,16,1.4471074976985565
megabyte1,1388,16,1.5668151003482076
megabyte1,1389,16,1.6603438532096315
megabyte1,1390,16,1.7202712141302743
megabyte1,1391,16,1.5771392776378361
megabyte1,1392,16,1.4374696234487063
megabyte1,1393,16,2.0151629916009894
megabyte1,1394,16,1.454269013503213
megabyte1,1395,16,1.4997702537431874
megabyte1,1396,16,1.5973155754673904
megabyte1,1397,16,1.3350202534447382
megabyte1,1398,16,1.6038809304799229
megabyte1,1399,16,1.6321442978260217
megabyte1,1400,16,1.7325541809314569
megabyte1,1401,16,1.8345058907798335
megabyte1,1402,16,1.6361367020103745
megabyte1,1403,16,1.4176267097233717
megabyte1,1404,16,1.9164662430154769
megabyte1,1405,16,2.018232482594346
megabyte1,1406,16,1.7894802285240163
megabyte1,1407,16,1.7730745099847243
megabyte1,1408,16,1.6049723240932727
megabyte1,1409,16,1.4875012811173642
megabyte1,1410,16,1.7218676813037863
megabyte1,1411,16,1.5078059013288896
megabyte1,1412,16,1.4449563470314737
megabyte1,1413,16,1.5995755839080794
megabyte1,1414,16,1.9504177751526113
megabyte1,1415,16,1.4491174677475653
megabyte1,1416,16,1.553250767444553
megabyte1,1417,16,1.668114998790557
megabyte1,1418,16,1.6050717314732037
megabyte1,1419,16,1.531570609567297
megabyte1,1420,16,1.7284687262003238
megabyte1,1421,16,1.5352810824767198
megabyte1,1422,16,1.5445576927237972
megabyte1,1423,16,1.2943036988855803
megabyte1,1424,16,1.3846843943878666
megabyte1,1425,16,1.3579002955009658
megabyte1,1426,16,1.389928852221357
megabyte1,1427,16,1.326842461413292
megabyte1,1428,16,1.5973679860819743
megabyte1,1429,16,1.3546836197592798
megabyte1,1430,16,1.424725623307526
megabyte1,1431,16,1.4557899723208791
megabyte1,1432,16,1.504405949847574
megabyte1,1433,16,1.7068243883014
megabyte1,1434,16,1.532498320220037
megabyte1,1435,16,1.610753682994341
megabyte1,1436,16,1.4128427418686575
megabyte1,1437,16,1.5454746281189575
megabyte1,1438,16,1.5264256168071564
megabyte1,1439,16,1.409879254236013
megabyte1,1440,16,1.8753932469419274
megabyte1,1441,16,2.134291383272048
megabyte1,1442,16,1.7934465709327285
megabyte1,1443,16,2.095937297088397
megabyte1,1444,16,1.6122400188341703
megabyte1,1445,16,1.6821298525248216
megabyte1,1446,16,1.8786043474254503
megabyte1,1447,16,1.5059428842760565
megabyte1,1448,16,1.9439085074623397
megabyte1,1449,16,1.725929343729659
megabyte1,1450,16,1.445752862263547
megabyte1,1451,16,1.4917807510612457
megabyte1,1452,16,1.4855450647478254
megabyte1,1453,16,1.379064907703549
megabyte1,1454,16,1.3848000002347802
megabyte1,1455,16,1.6898378811763206
megabyte1,1456,16,1.461149361699037
megabyte1,1457,16,1.603560694499902
megabyte1,1458,16,1.7576437220332073
megabyte1,1459,16,1.2969461040780412
megabyte1,1460,16,1.5456301809175519
megabyte1,1461,16,1.5489291925117377
megabyte1,1462,16,1.2984855006493106
megabyte1,1463,16,1.7634369768988178
megabyte1,1464,16,1.5442976813058027
megabyte1,1465,16,1.3038365238419676
megabyte1,1466,16,1.2718304471666468
megabyte1,1467,16,1.6282558693272435
megabyte1,1468,16,1.7439259809320475
megabyte1,1469,16,1.4993336176878505
megabyte1,1470,16,1.674455249381442
megabyte1,1471,16,1.7709161960172042
megabyte1,1472,16,1.3912507161882204
megabyte1,1473,16,1.43556446951939
megabyte1,1474,16,1.766641543380804
megabyte1,1475,16,1.634353220151431
megabyte1,1476,16,1.589483104269934
megabyte1,1477,16,1.4671801246953153
megabyte1,1478,16,1.8243830116681738
megabyte1,1479,16,1.6779366987853286
megabyte1,1480,16,1.3474010439645576
megabyte1,1481,16,1.366598669010625
megabyte1,1482,16,1.6950819835872601
megabyte1,1483,16,1.779797685410551
megabyte1,1484,16,1.7181678888366547
megabyte1,1485,16,1.33612248974226
megabyte1,1486,16,1.7301273833077762
megabyte1,1487,16,1.513325642993123
megabyte1,1488,16,1.7509024619254447
megabyte1,1489,16,1.5470363568402776
megabyte1,1490,16,1.4172578959409887
megabyte1,1491,16,1.6751423765648197
megabyte1,1492,16,1.4498588908539354
megabyte1,1493,16,1.4168655688984115
megabyte1,1494,16,1.4141295189308614
megabyte1,1495,16,1.8227116044901717
megabyte1,1496,16,1.8004430756330594
megabyte1,1497,16,1.457723792477466
megabyte1,1498,16,1.303920661250253
megabyte1,1499,16,1.4138466951133797
megabyte1,1500,16,1.6094174337936595
megabyte1,1501,16,1.7427902028494124
megabyte1,1502,16,1.461472833599132
megabyte1,1503,16,1.4618758738701902
megabyte1,1504,16,1.3030787549472609
megabyte1,1505,16,1.4187917764664377
megabyte1,1506,16,1.7012324687986882
megabyte1,1507,16,1.42487214977289
megabyte1,1508,16,1.5535135092662613
megabyte1,1509,16,1.520271606000341
megabyte1,1510,16,1.5111119589574258
megabyte1,1511,16,1.5747407388596142
megabyte1,1512,16,1.4018680894405302
megabyte1,1513,16,1.5138131470812812
megabyte1,1514,16,1.7206665110024264
megabyte1,1515,16,1.6525210825340333
megabyte1,1516,16,1.3219010834016016
megabyte1,1517,16,1.6490690729771713
megabyte1,1518,16,1.5869293674651783
megabyte1,1519,16,1.4852638765782997
megabyte1,1520,16,1.5888451619388249
megabyte1,1521,16,1.7341206505470435
megabyte1,1522,16,1.856140122564061
megabyte1,1523,16,1.4950404933026578
megabyte1,1524,16,1.7067878502596965
megabyte1,1525,16,1.178954776400407
megabyte1,1526,16,1.5217214399728638
megabyte1,1527,16,1.5974072248177833
megabyte1,1528,16,1.478097879348918
megabyte1,1529,16,1.3894904450660601
megabyte1,1530,16,1.4592574536908685
megabyte1,1531,16,2.268607456750447
megabyte1,1532,16,1.5699488821032237
megabyte1,1533,16,1.575836605886895
megabyte1,1534,16,1.2426805500406723
megabyte1,1535,16,1.5419099981269666
megabyte1,1536,16,1.8287976663325942
megabyte1,1537,16,1.6663758385793848
megabyte1,1538,16,1.650760825603765
megabyte1,1539,16,1.6172925762697437
megabyte1,1540,16,1.98543313519338
megabyte1,1541,16,2.025414778606552
megabyte1,1542,16,1.7955531860948637
megabyte1,1543,16,1.8268149522400379
megabyte1,1544,16,1.7322130046127955
megabyte1,1545,16,1.5374477493465146
megabyte1,1546,16,1.4838185339724714
megabyte1,1547,16,1.4986918276225816
megabyte1,1548,16,1.4737474399921195
megabyte1,1549,16,1.5767085814153712
megabyte1,1550,16,1.7341993801179736
megabyte1,1551,16,1.3381862552554036
megabyte1,1552,16,1.5771709829936154
megabyte1,1553,16,1.6236885222399353
megabyte1,1554,16,1.5946288245481834
megabyte1,1555,16,1.484656773580882
megabyte1,1556,16,1.6067384875393265
megabyte1,1557,16,1.5786594284280229
megabyte1,1558,16,1.6838909145658814
megabyte1,1559,16,1.5562361580739599
megabyte1,1560,16,1.5048361829395802
megabyte1,1561,16,1.4203387271444965
megabyte1,1562,16,1.9177812279684092
megabyte1,1563,16,1.9914811653950941
megabyte1,1564,16,1.579164630054128
megabyte1,1565,16,1.9881655993884397
megabyte1,1566,16,1.755473635959809
megabyte1,1567,16,1.7134758636814897
megabyte1,1568,16,1.4499568582022806
megabyte1,1569,16,1.6938994694462808
megabyte1,1570,16,1.4129934683855048
megabyte1,1571,16,1.7259089214660996
megabyte1,1572,16,1.5721611504449493
megabyte1,1573,16,1.5255757002869588
megabyte1,1574,16,1.5629512549026716
megabyte1,1575,16,1.671645010801589
megabyte1,1576,16,1.9849438721112105
megabyte1,1577,16,1.5714806552673095
megabyte1,1578,16,1.4942501578784149
megabyte1,1579,16,1.3559182737995525
megabyte1,1580,16,1.6922842751194536
megabyte1,1581,16,1.7979309618087573
megabyte1,1582,16,1.2399131299428152
megabyte1,1583,16,1.9059564727913025
megabyte1,1584,16,1.6514913120362198
megabyte1,1585,16,1.470339158941254
megabyte1,1586,16,1.5963813896304053
megabyte1,1587,16,1.6069924634682762
megabyte1,1588,16,1.9056754312786215
megabyte1,1589,16,1.355553620265679
megabyte1,1590,16,1.4603132206351153
megabyte1,1591,16,2.058467437113549
megabyte1,1592,16,1.422283803915629
megabyte1,1593,16,1.6915322681078355
megabyte1,1594,16,1.5703870454149835
megabyte1,1595,16,1.4143831898730725
megabyte1,1596,16,1.6258136534106824
megabyte1,1597,16,1.344337007778576
megabyte1,1598,16,1.5532966674201205
megabyte1,1599,16,1.2323677194003155
megabyte1,1600,16,1.84178144110482
megabyte1,1601,16,1.5232120502658786
megabyte1,1602,16,1.596570833150613
megabyte1,1603,16,1.694332366184598
megabyte1,1604,16,1.100443187821561
megabyte1,1605,16,1.4678790237269814
megabyte1,1606,16,2.0106799711890595
megabyte1,1607,16,1.2323291586711795
megabyte1,1608,16,1.6990641203371073
megabyte1,1609,16,1.4556669214478248
megabyte1,1610,16,1.5021331870084371
megabyte1,1611,16,1.5156714764830683
megabyte1,1612,16,1.9697253274720428
megabyte1,1613,16,1.4346741486883863
megabyte1,1614,16,1.2896457975210103
megabyte1,1615,16,1.3533045259535548
megabyte1,1616,16,1.6762992524791713
megabyte1,1617,16,1.9724367415146815
megabyte1,1618,16,1.632630178948194
megabyte1,1619,16,1.8699154608567035
megabyte1,1620,16,1.503948538928849
megabyte1,1621,16,1.203411907145074
megabyte1,1622,16,1.8624174786939438
megabyte1,1623,16,1.538467275830222
megabyte1,1624,16,1.7960618666368686
megabyte1,1625,16,1.472138805631298
megabyte1,1626,16,1.2759965583997752
megabyte1,1627,16,1.5218016698569599
megabyte1,1628,16,1.5381295133395425
megabyte1,1629,16,1.3917741979690441
megabyte1,1630,16,1.5411890247672455
megabyte1,1631,16,1.451395671492769
megabyte1,1632,16,1.7783565446939364
megabyte1,1633,16,1.8924773141310793
megabyte1,1634,16,2.120865363685912
megabyte1,1635,16,1.6987578792120288
megabyte1,1636,16,1.5400739967435226
megabyte1,1637,16,1.4438808408455799
megabyte1,1638,16,1.6236897794048095
megabyte1,1639,16,1.5462103365494697
megabyte1,1640,16,1.5133670444873741
megabyte1,1641,16,1.4837592069482477
megabyte1,1642,16,1.3647606112520918
megabyte1,1643,16,1.4701808950133974
megabyte1,1644,16,1.7401447767620128
megabyte1,1645,16,1.752680150663761
megabyte1,1646,16,1.50703190743185
megabyte1,1647,16,1.338866507495001
megabyte1,1648,16,1.4102497566074566
megabyte1,1649,16,1.5651260126526862
megabyte1,1650,16,1.5765473945494148
megabyte1,1651,16,1.5356271223357592
megabyte1,1652,16,1.3469509472183732
megabyte1,1653,16,1.5133081872051668
megabyte1,1654,16,1.4868933564899762
megabyte1,1655,16,1.3573519138181382
megabyte1,1656,16,1.2849125762305638
megabyte1,1657,16,1.662493731983161
megabyte1,1658,16,1.2446110996220745
megabyte1,1659,16,1.4617707822781405
megabyte1,1660,16,1.3283711203333088
megabyte1,1661,16,1.3285218956515337
megabyte1,1662,16,1.3173886913523443
megabyte1,1663,16,1.6960321857605993
megabyte1,1664,16,2.009789230002572
megabyte1,1665,16,1.7117389065055302
megabyte1,1666,16,1.1602551342735867
megabyte1,1667,16,1.3111202996624887
megabyte1,1668,16,1.6545776134768484
megabyte1,1669,16,1.7572876244234237
megabyte1,1670,16,1.6386269251359271
megabyte1,1671,16,1.8976380668817938
megabyte1,1672,16,1.7119494446742656
megabyte1,1673,16,1.788413864842817
megabyte1,1674,16,1.5443386940497896
megabyte1,1675,16,1.6939941539797716
megabyte1,1676,16,1.5400369495999666
megabyte1,1677,16,1.7274367563886068
megabyte1,1678,16,2.0282055309952995
megabyte1,1679,16,1.5295760988947877
megabyte1,1680,16,1.9463377234352417
megabyte1,1681,16,1.6343988754361536
megabyte1,1682,16,1.3813988643355368
megabyte1,1683,16,1.7008423117096376
megabyte1,1684,16,1.7643616957990802
megabyte1,1685,16,1.84141143545531
megabyte1,1686,16,1.354629131430095
megabyte1,1687,16,1.8883324325303212
megabyte1,1688,16,1.6842006114425383
megabyte1,1689,16,1.9409390251537655
megabyte1,1690,16,1.712514769053737
megabyte1,1691,16,1.5930826079057028
megabyte1,1692,16,1.6017992793261704
megabyte1,1693,16,1.5506827984220655
megabyte1,1694,16,1.37815711537229
megabyte1,1695,16,1.5661136120261332
megabyte1,1696,16,1.301383641511677
megabyte1,1697,16,1.4582326044106275
megabyte1,1698,16,1.609328124230399
megabyte1,1699,16,1.705437720607428
megabyte1,1700,16,1.4164911712981025
megabyte1,1701,16,1.8030571732653968
megabyte1,1702,16,1.9755013068559795
megabyte1,1703,16,1.5489228461393556
megabyte1,1704,16,1.4562086776144763
megabyte1,1705,16,1.699567896470028
megabyte1,1706,16,1.3223285727741731
megabyte1,1707,16,1.509383832842838
megabyte1,1708,16,1.1970153458879478
megabyte1,1709,16,1.4952709854536832
megabyte1,1710,16,1.3102294674230957
megabyte1,1711,16,1.1828111611716114
megabyte1,1712,16,1.5684479439933319
megabyte1,1713,16,1.59961092906327
megabyte1,1714,16,1.3334415883090038
megabyte1,1715,16,1.2943240251404304
megabyte1,1716,16,1.7817039055876192
megabyte1,1717,16,1.6981175395165977
megabyte1,1718,16,1.5178536304669858
megabyte1,1719,16,1.4736740463538323
megabyte1,1720,16,1.4188163520759818
megabyte1,1721,16,1.5695034847198408
megabyte1,1722,16,1.3424469510450283
megabyte1,1723,16,1.4967146482842513
megabyte1,1724,16,1.3122779616811502
megabyte1,1725,16,1.3584119130337453
megabyte1,1726,16,1.4581420544670163
megabyte1,1727,16,1.2503664600113078
megabyte1,1728,16,1.916679923508227
megabyte1,1729,16,1.8176210160461084
megabyte1,1730,16,1.785860990108815
megabyte1,1731,16,1.505378048864695
megabyte1,1732,16,2.0283878736464365
megabyte1,1733,16,1.7662606669197678
megabyte1,1734,16,1.5675874890676935
megabyte1,1735,16,1.4957362758225514
megabyte1,1736,16,1.2592470036404206
megabyte1,1737,16,1.3884793789277317
megabyte1,1738,16,1.6856077952650432
megabyte1,1739,16,1.3099643805844787
megabyte1,1740,16,1.3595841997399618
megabyte1,1741,16,1.9438889108921171
megabyte1,1742,16,1.5986260446767426
megabyte1,1743,16,1.3804427241174342
megabyte1,1744,16,1.7013982802816396
megabyte1,1745,16,1.628916792094457
megabyte1,1746,16,1.5769299646653423
megabyte1,1747,16,1.4562087044870522
megabyte1,1748,16,1.5578399340949403
megabyte1,1749,16,1.395875218074374
megabyte1,1750,16,1.7865757876235255
megabyte1,1751,16,1.7323011939252695
megabyte1,1752,16,1.2849793314795441
megabyte1,1753,16,1.824152066022147
megabyte1,1754,16,1.2886812268687706
megabyte1,1755,16,1.521706990443724
megabyte1,1756,16,1.8882450369579646
megabyte1,1757,16,1.1965155905652833
megabyte1,1758,16,1.5189090135459604
megabyte1,1759,16,1.8385189294166353
megabyte1,1760,16,1.4253596497358847
megabyte1,1761,16,1.2619984044781087
megabyte1,1762,16,1.8137891097884309
megabyte1,1763,16,1.5666176941872298
megabyte1,1764,16,1.5516584581291721
megabyte1,1765,16,1.457490617596803
megabyte1,1766,16,1.4859322490150335
megabyte1,1767,16,1.3677466387081314
megabyte1,1768,16,1.8435519526732422
megabyte1,1769,16,1.3766218792484597
megabyte1,1770,16,1.4895938652090477
megabyte1,1771,16,1.7356688670555145
megabyte1,1772,16,1.2046070139706155
megabyte1,1773,16,1.38034528306109
megabyte1,1774,16,1.5851413801782526
megabyte1,1775,16,1.676891356173463
megabyte1,1776,16,1.335935783384701
megabyte1,1777,16,1.9727625972428646
megabyte1,1778,16,1.5489065467268799
megabyte1,1779,16,1.730717233828642
megabyte1,1780,16,1.4922932514589227
megabyte1,1781,16,1.6263974239225711
megabyte1,1782,16,1.5257741902694633
megabyte1,1783,16,1.42864994977788
megabyte1,1784,16,1.6536087845928136
megabyte1,1785,16,1.5493132202502444
megabyte1,1786,16,1.3051425606224063
megabyte1,1787,16,1.4644163163034987
megabyte1,1788,16,1.7006456851830476
megabyte1,1789,16,1.6033430234793564
megabyte1,1790,16,1.3083724241052734
megabyte1,1791,16,1.5063199685461173
megabyte1,1792,16,1.7651475205630214
megabyte1,1793,16,1.6684458515987066
megabyte1,1794,16,1.4466695705055086
megabyte1,1795,16,1.32449253563102
megabyte1,1796,16,1.272437296335002
megabyte1,1797,16,1.2884945332495887
megabyte1,1798,16,1.6324954720736289
megabyte1,1799,16,1.5686152575488426
megabyte1,1800,16,1.536542016523011
megabyte1,1801,16,1.1956102046702373
megabyte1,1802,16,1.4761141303760803
megabyte1,1803,16,1.6911306656909901
megabyte1,1804,16,1.2847293492375302
megabyte1,1805,16,1.2907374282999327
megabyte1,1806,16,1.5410542436351227
megabyte1,1807,16,1.5281446555840439
megabyte1,1808,16,1.4848161247673521
megabyte1,1809,16,1.402326350942873
megabyte1,1810,16,1.7918589686184476
megabyte1,1811,16,1.2664135302349653
megabyte1,1812,16,1.60238965336256
megabyte1,1813,16,1.4993368745943954
megabyte1,1814,16,1.6190670754904346
megabyte1,1815,16,1.7042822281799366
megabyte1,1816,16,1.5605606546725224
megabyte1,1817,16,1.496147880523584
megabyte1,1818,16,1.266554074224542
megabyte1,1819,16,1.3800336281972765
megabyte1,1820,16,1.414593957009521
megabyte1,1821,16,1.5666137544170298
megabyte1,1822,16,1.1590900801333952
megabyte1,1823,16,1.4846504190385041
megabyte1,1824,16,1.7549005485674871
megabyte1,1825,16,1.8061667416445328
megabyte1,1826,16,1.6761902514233067
megabyte1,1827,16,1.9830732320425504
megabyte1,1828,16,1.573600349142682
megabyte1,1829,16,1.7743067808014934
megabyte1,1830,16,1.5493596213727565
megabyte1,1831,16,1.668440706402895
megabyte1,1832,16,1.4505885320622764
megabyte1,1833,16,1.7310630779632066
megabyte1,1834,16,1.3312643007449274
megabyte1,1835,16,1.8221407910691345
megabyte1,1836,16,1.5266756759577889
megabyte1,1837,16,1.4798035967348149
megabyte1,1838,16,1.6367388916156012
megabyte1,1839,16,1.8188161177657647
megabyte1,1840,16,1.3073457233900638
megabyte1,1841,16,1.372559256689453
megabyte1,1842,16,1.4046010090142464
megabyte1,1843,16,1.3228183999166792
megabyte1,1844,16,1.62273516105768
megabyte1,1845,16,1.8011496183350149
megabyte1,1846,16,1.3694985578324568
megabyte1,1847,16,1.3285807294327212
megabyte1,1848,16,1.357353016612406
megabyte1,1849,16,1.4860807679246615
megabyte1,1850,16,1.2849090166771848
megabyte1,1851,16,1.7891226814711438
megabyte1,1852,16,1.2499196566197575
megabyte1,1853,16,1.2309931191668524
megabyte1,1854,16,1.6008334194054552
megabyte1,1855,16,1.3323412562010728
megabyte1,1856,16,2.022138974039994
megabyte1,1857,16,1.44410660676379
megabyte1,1858,16,1.3150473155399198
megabyte1,1859,16,1.3316323238857426
megabyte1,1860,16,1.346857278965832
megabyte1,1861,16,1.3477523584164877
megabyte1,1862,16,1.334188061642545
megabyte1,1863,16,1.7669828009434365
megabyte1,1864,16,1.089027099504016
megabyte1,1865,16,1.3598813683967588
megabyte1,1866,16,1.399614659138765
megabyte1,1867,16,1.4880450293672964
megabyte1,1868,16,1.5803959438958866
megabyte1,1869,16,1.3007920075908919
megabyte1,1870,16,1.7158136879300152
megabyte1,1871,16,1.3497747431218485
megabyte1,1872,16,1.4883555095569443
megabyte1,1873,16,1.3827985419332858
megabyte1,1874,16,1.2878044109698517
megabyte1,1875,16,1.4397737742360694
megabyte1,1876,16,1.63269684480967
megabyte1,1877,16,1.3310776278294225
megabyte1,1878,16,1.9769415341982552
megabyte1,1879,16,1.5865705605008862
megabyte1,1880,16,1.9691711225577768
megabyte1,1881,16,1.4205155203770061
megabyte1,1882,16,1.3824419763968316
megabyte1,1883,16,1.8245447210527361
megabyte1,1884,16,1.2608027919438305
megabyte1,1885,16,1.1814259419274573
megabyte1,1886,16,1.205322755701262
megabyte1,1887,16,1.5781160185860492
megabyte1,1888,16,1.291897007688326
megabyte1,1889,16,1.2371504051175417
megabyte1,1890,16,1.279582476365146
megabyte1,1891,16,1.4306001276089262
megabyte1,1892,16,1.1607713322539057
megabyte1,1893,16,1.4070141610937537
megabyte1,1894,16,1.4998043341218166
megabyte1,1895,16,1.1983347120308112
megabyte1,1896,16,1.385030675735972
megabyte1,1897,16,1.1407444967806295
megabyte1,1898,16,1.118616098089962
megabyte1,1899,16,1.539636699710809
megabyte1,1900,16,1.1538860014058887
megabyte1,1901,16,1.338760689047362
megabyte1,1902,16,1.50481407438303
megabyte1,1903,16,1.4557527194656925
megabyte1,1904,16,1.6394189212153043
megabyte1,1905,16,1.2366007651772266
megabyte1,1906,16,1.41261267012539
megabyte1,1907,16,1.4001407035337472
megabyte1,1908,16,1.4061698642579472
megabyte1,1909,16,1.05180239695356
megabyte1,1910,16,1.5001396205371276
megabyte1,1911,16,1.574139065089041
megabyte1,1912,16,1.4062286823170753
megabyte1,1913,16,1.2706831840387904
megabyte1,1914,16,1.4183568378782319
megabyte1,1915,16,1.225190577372385
megabyte1,1916,16,1.505272855413323
megabyte1,1917,16,1.8852925829710794
megabyte1,1918,16,1.7396314391327925
megabyte1,1919,16,1.2870262767304823
megabyte1,1920,16,1.8889016785751267
megabyte1,1921,16,1.5572755350076364
megabyte1,1922,16,1.823411612764092
megabyte1,1923,16,1.3030466180259588
megabyte1,1924,16,1.2274583477326555
megabyte1,1925,16,1.430447093435128
megabyte1,1926,16,1.359384776615458
megabyte1,1927,16,1.4238291901480262
megabyte1,1928,16,1.5021806608852228
megabyte1,1929,16,1.6921861683010508
megabyte1,1930,16,1.7375621427687546
megabyte1,1931,16,1.4211760459857534
megabyte1,1932,16,1.4655405024703954
megabyte1,1933,16,1.0577608650847792
megabyte1,1934,16,1.5099338612590112
megabyte1,1935,16,1.1758298273695762
megabyte1,1936,16,1.258143598718543
megabyte1,1937,16,1.1700268517023813
megabyte1,1938,16,1.7871618454335676
megabyte1,1939,16,1.3540523536798441
megabyte1,1940,16,1.6379900192797436
megabyte1,1941,16,1.641502617382789
megabyte1,1942,16,1.4380499175346086
megabyte1,1943,16,1.6250491332599033
megabyte1,1944,16,1.3079395968984135
megabyte1,1945,16,1.7700274897949915
megabyte1,1946,16,1.5915434458497917
megabyte1,1947,16,1.9911084565651305
megabyte1,1948,16,1.8043695580727124
megabyte1,1949,16,1.6981064516741422
megabyte1,1950,16,1.5838392294465298
megabyte1,1951,16,1.3346784268425251
megabyte1,1952,16,1.6977012791891908
megabyte1,1953,16,1.6457805386113122
megabyte1,1954,16,1.7307288000806806
megabyte1,1955,16,2.062633778984661
megabyte1,1956,16,1.564736674093953
megabyte1,1957,16,1.7165842711243653
megabyte1,1958,16,1.658064614785294
megabyte1,1959,16,1.3328865520368465
megabyte1,1960,16,1.7920034197405372
megabyte1,1961,16,1.6121982363674918
megabyte1,1962,16,1.2864559837888905
megabyte1,1963,16,1.5491020131433788
megabyte1,1964,16,1.580717589440004
megabyte1,1965,16,1.5947705182201517
megabyte1,1966,16,1.414373756643081
megabyte1,1967,16,1.1352133193334506
megabyte1,1968,16,1.6296856914700735
megabyte1,1969,16,1.5745662014176247
megabyte1,1970,16,1.1326435308231393
megabyte1,1971,16,1.4138423572658523
megabyte1,1972,16,1.3393673269818502
megabyte1,1973,16,1.16150926502911
megabyte1,1974,16,1.6032205145062688
megabyte1,1975,16,1.175146222003217
megabyte1,1976,16,1.1856027884689466
megabyte1,1977,16,1.2613321497286847
megabyte1,1978,16,1.2242935544874052
megabyte1,1979,16,0.9519182002974097
megabyte1,1980,16,1.3346693808518448
megabyte1,1981,16,1.5560810271291607
megabyte1,1982,16,1.1447400362317848
megabyte1,1983,16,1.191121198854937
megabyte1,1984,16,1.5413527664196691
megabyte1,1985,16,1.1902018289923066
megabyte1,1986,16,1.3444969084652674
megabyte1,1987,16,1.3961298966112654
megabyte1,1988,16,1.3186899548507325
megabyte1,1989,16,1.4123076471263196
megabyte1,1990,16,1.7513340591791353
megabyte1,1991,16,1.424779947933027
megabyte1,1992,16,1.5836570670502996
megabyte1,1993,16,1.4675057073480802
megabyte1,1994,16,1.1871620435375356
megabyte1,1995,16,1.3666366409931932
megabyte1,1996,16,1.4819702498908667
megabyte1,1997,16,1.3395108746805044
megabyte1,1998,16,1.5241342114495304
megabyte1,1999,16,1.0231732363633728
megabyte1,2000,16,1.1447111950089695
megabyte1,2001,16,1.1915981980163448
megabyte1,2002,16,1.2924240007351104
megabyte1,2003,16,1.308064820283178
megabyte1,2004,16,1.8932134621289918
megabyte1,2005,16,1.1664995048038194
megabyte1,2006,16,1.4167161637926102
megabyte1,2007,16,1.2641296364935193
megabyte1,2008,16,1.3266479020362114
megabyte1,2009,16,1.391223497255547
megabyte1,2010,16,1.0524105962900083
megabyte1,2011,16,1.0292323447858889
megabyte1,2012,16,1.3872978293739757
megabyte1,2013,16,1.4196840919836429
megabyte1,2014,16,1.2792054241444915
megabyte1,2015,16,1.6015328474291752
megabyte1,2016,16,1.7155687105601691
megabyte1,2017,16,2.0301651034235904
megabyte1,2018,16,2.0409077237485156
megabyte1,2019,16,1.8255918623308531
megabyte1,2020,16,1.6246245730885596
megabyte1,2021,16,1.7100618853967484
megabyte1,2022,16,1.6751126440131074
megabyte1,2023,16,1.8000372624846352
megabyte1,2024,16,1.3134369014415712
megabyte1,2025,16,1.5192759792993902
megabyte1,2026,16,1.6583254233443048
megabyte1,2027,16,1.4330125840448718
megabyte1,2028,16,1.5243880492562683
megabyte1,2029,16,1.6862002076217395
megabyte1,2030,16,1.4006942499299802
megabyte1,2031,16,1.4021465686805954
megabyte1,2032,16,1.8773024020143216
megabyte1,2033,16,1.674064874115486
megabyte1,2034,16,1.658348966452653
megabyte1,2035,16,1.7787343512985399
megabyte1,2036,16,1.2602923886637947
megabyte1,2037,16,1.4130535388198242
megabyte1,2038,16,1.9809941000895883
megabyte1,2039,16,1.2572934291702949
megabyte1,2040,16,1.4444867883200259
megabyte1,2041,16,1.6192212186000439
megabyte1,2042,16,1.419023641682202
megabyte1,2043,16,1.7066244153023977
megabyte1,2044,16,1.239866296256425
megabyte1,2045,16,2.111381691305826
megabyte1,2046,16,1.5476072600180495
megabyte1,2047,16,1.7111663461999727
megabyte1,2048,16,1.571490057039576
megabyte1,2049,16,1.4670409194365615
megabyte1,2050,16,1.454143860368581
megabyte1,2051,16,1.2084382542304393
megabyte1,2052,16,1.4800170507249184
megabyte1,2053,16,1.669940011729624
megabyte1,2054,16,1.5751054245397051
megabyte1,2055,16,2.0693562705309843
megabyte1,2056,16,1.8655015246403308
megabyte1,2057,16,1.3769987113948672
megabyte1,2058,16,1.9218752953361293
megabyte1,2059,16,1.5652984581658511
megabyte1,2060,16,1.625438324484452
megabyte1,2061,16,1.4877041104854325
megabyte1,2062,16,1.3393822934213988
megabyte1,2063,16,1.3421265654118244
megabyte1,2064,16,1.3761023846085532
megabyte1,2065,16,1.6677956327156367
megabyte1,2066,16,1.757173466407402
megabyte1,2067,16,1.5249308385502944
megabyte1,2068,16,1.3566415896272161
megabyte1,2069,16,1.5275005748155026
megabyte1,2070,16,1.794078358836916
megabyte1,2071,16,1.5988830285979871
megabyte1,2072,16,1.7194662750181426
megabyte1,2073,16,1.7716600223996923
megabyte1,2074,16,1.868793013604685
megabyte1,2075,16,1.5116919726682156
megabyte1,2076,16,1.3892187828370763
megabyte1,2077,16,1.3883216868477988
megabyte1,2078,16,1.6175855236551269
megabyte1,2079,16,1.3462107638224832
megabyte1,2080,16,1.4415904589464137
megabyte1,2081,16,1.4711102660138904
megabyte1,2082,16,1.2844398923776634
megabyte1,2083,16,1.2845971048527638
megabyte1,2084,16,1.45300591618864
megabyte1,2085,16,1.6526152700565475
megabyte1,2086,16,1.6919224394856687
megabyte1,2087,16,1.5795630922457646
megabyte1,2088,16,1.4568097773612525
megabyte1,2089,16,1.4829964431639648
megabyte1,2090,16,1.5371741048850578
megabyte1,2091,16,1.370143617443099
megabyte1,2092,16,1.6913976684463519
megabyte1,2093,16,1.552119832442503
megabyte1,2094,16,1.5314479859252974
megabyte1,2095,16,1.3801967741043348
megabyte1,2096,16,1.5121830443926556
megabyte1,2097,16,1.5317845112704278
megabyte1,2098,16,1.1747660158648363
megabyte1,2099,16,1.5378988974262418
megabyte1,2100,16,1.5073219896612107
megabyte1,2101,16,1.6446692572837105
megabyte1,2102,16,1.6931549096661722
megabyte1,2103,16,1.3024220961464772
megabyte1,2104,16,1.602851262337793
megabyte1,2105,16,1.6728338926788742
megabyte1,2106,16,1.6354449828697282
megabyte1,2107,16,1.2075378632094216
megabyte1,2108,16,1.6686698261852573
megabyte1,2109,16,1.4520603861885204
megabyte1,2110,16,1.8227357757267404
megabyte1,2111,16,1.3448784233013475
megabyte1,2112,16,1.8267055197363657
megabyte1,2113,16,1.6437478807040145
megabyte1,2114,16,1.9314113753070377
megabyte1,2115,16,2.2715869178310806
megabyte1,2116,16,1.6923760379375743
megabyte1,2117,16,1.9314899910284564
megabyte1,2118,16,1.830475949840702
megabyte1,2119,16,1.5490819586412932
megabyte1,2120,16,1.6958991034955264
megabyte1,2121,16,1.3604362131212717
megabyte1,2122,16,1.7358673235064552
megabyte1,2123,16,1.5346600674453235
megabyte1,2124,16,1.3543296535936817
megabyte1,2125,16,1.6896274748381126
megabyte1,2126,16,1.594511979447252
megabyte1,2127,16,2.0939093890103173
megabyte1,2128,16,1.7994474259928326
megabyte1,2129,16,1.684101515222891
megabyte1,2130,16,1.4948653230411413
megabyte1,2131,16,1.7941074541774096
megabyte1,2132,16,1.7907823486843832
megabyte1,2133,16,1.489051192664581
megabyte1,2134,16,1.454694484406444
megabyte1,2135,16,1.6576378552151172
megabyte1,2136,16,1.679054083255018
megabyte1,2137,16,1.5126966444715413
megabyte1,2138,16,1.6040293250612752
megabyte1,2139,16,1.4475587337816591
megabyte1,2140,16,1.8081570924799077
megabyte1,2141,16,1.46248374154372
megabyte1,2142,16,1.9673214619481085
megabyte1,2143,16,1.1058173786532044
megabyte1,2144,16,1.3876847078327392
megabyte1,2145,16,1.4834730236415277
megabyte1,2146,16,1.5441660955556862
megabyte1,2147,16,1.6484602412098868
megabyte1,2148,16,1.4494370786960713
megabyte1,2149,16,1.361756911960103
megabyte1,2150,16,1.696978927735261
megabyte1,2151,16,1.5699751210067407
megabyte1,2152,16,1.7834672520728903
megabyte1,2153,16,1.5243454981302766
megabyte1,2154,16,1.3520006310477868
megabyte1,2155,16,1.4134340247926687
megabyte1,2156,16,1.3528269424312338
megabyte1,2157,16,1.4082990014397418
megabyte1,2158,16,1.463386735038442
megabyte1,2159,16,1.512464714740749
megabyte1,2160,16,1.308956101998403
megabyte1,2161,16,1.108860990895299
megabyte1,2162,16,1.4533060587144582
megabyte1,2163,16,1.380367327276061
megabyte1,2164,16,1.5273671362885979
megabyte1,2165,16,1.5896487864934898
megabyte1,2166,16,1.4924787320082968
megabyte1,2167,16,1.3588072063843226
megabyte1,2168,16,1.3569196216113895
megabyte1,2169,16,1.2063116494992567
megabyte1,2170,16,1.1652380595867864
megabyte1,2171,16,1.7796355365109469
megabyte1,2172,16,1.5860950167120709
megabyte1,2173,16,1.27444126435556
megabyte1,2174,16,1.2102380722886144
megabyte1,2175,16,1.4315643875448512
megabyte1,2176,16,1.2404532714770613
megabyte1,2177,16,1.4304325265857585
megabyte1,2178,16,1.3225748040743368
megabyte1,2179,16,1.4255670443969846
megabyte1,2180,16,1.4366263285149223
megabyte1,2181,16,1.5985457713291291
megabyte1,2182,16,1.2095687624472586
megabyte1,2183,16,1.3004350012859416
megabyte1,2184,16,1.5205308489651546
megabyte1,2185,16,1.5122179593675094
megabyte1,2186,16,1.4549605523092208
megabyte1,2187,16,1.1581778767210587
megabyte1,2188,16,1.4976397557479793
megabyte1,2189,16,1.136731248905658
megabyte1,2190,16,1.3750233425818539
megabyte1,2191,16,1.159460232539108
megabyte1,2192,16,1.6077267018192363
megabyte1,2193,16,1.1634494719303898
megabyte1,2194,16,1.0879736907118958
megabyte1,2195,16,1.2720513895698216
megabyte1,2196,16,1.2007844091958082
megabyte1,2197,16,1.2996293822713065
megabyte1,2198,16,1.5081321115883979
megabyte1,2199,16,1.6266863098346889
megabyte1,2200,16,1.860457503784968
megabyte1,2201,16,1.448586227363309
megabyte1,2202,16,1.615746390704974
megabyte1,2203,16,1.4333242055258717
megabyte1,2204,16,1.1552419200513657
megabyte1,2205,16,1.1023926989961856
megabyte1,2206,16,1.6581088824260604
megabyte1,2207,16,1.4010776788606256
megabyte1,2208,16,2.038677767669018
megabyte1,2209,16,1.8149801231565168
megabyte1,2210,16,1.771956960398179
megabyte1,2211,16,1.6617676818545688
megabyte1,2212,16,1.5148549687502353
megabyte1,2213,16,1.8010757187276134
megabyte1,2214,16,1.9404913569190967
megabyte1,2215,16,1.7832233623910105
megabyte1,2216,16,1.6640077173115544
megabyte1,2217,16,1.6494588576605749
megabyte1,2218,16,1.9266068272914059
megabyte1,2219,16,1.6491964857941095
megabyte1,2220,16,1.560346958647762
megabyte1,2221,16,1.7119555188210414
megabyte1,2222,16,1.4571918786984546
megabyte1,2223,16,1.5507129902179295
megabyte1,2224,16,1.4591712392554166
megabyte1,2225,16,1.8678140684334323
megabyte1,2226,16,1.5127161718374253
megabyte1,2227,16,1.898280131175845
megabyte1,2228,16,1.6540523334070318
megabyte1,2229,16,1.426241496447816
megabyte1,2230,16,1.5738939707669921
megabyte1,2231,16,1.5399314403521833
megabyte1,2232,16,1.35075026977543
megabyte1,2233,16,1.725999833846326
megabyte1,2234,16,1.2915804658357446
megabyte1,2235,16,1.609923756119319
megabyte1,2236,16,1.545949228308099
megabyte1,2237,16,1.5116891008971827
megabyte1,2238,16,1.7957275821399923
megabyte1,2239,16,1.425342624361974
megabyte1,2240,16,1.8022203027579962
megabyte1,2241,16,1.7497556468668842
megabyte1,2242,16,1.570593855163277
megabyte1,2243,16,1.881073298557431
megabyte1,2244,16,1.6484658289908594
megabyte1,2245,16,1.4264326243201002
megabyte1,2246,16,1.4954370955668181
megabyte1,2247,16,1.3917931457105983
megabyte1,2248,16,1.3588749920432972
megabyte1,2249,16,1.655484390817565
megabyte1,2250,16,1.5793120028848435
megabyte1,2251,16,1.8731098703615834
megabyte1,2252,16,1.4946979240148148
megabyte1,2253,16,1.56582565290926
megabyte1,2254,16,1.6848065930653218
megabyte1,2255,16,1.8224666270091539
megabyte1,2256,16,1.7516879658138154
megabyte1,2257,16,1.3532975919609058
megabyte1,2258,16,2.271086934486151
megabyte1,2259,16,1.3346155312028298
megabyte1,2260,16,1.1398649282309887
megabyte1,2261,16,1.7150535638698674
megabyte1,2262,16,1.6723806426266665
megabyte1,2263,16,1.6395735923821304
megabyte1,2264,16,1.5331230829189564
megabyte1,2265,16,1.5096341348612534
megabyte1,2266,16,1.2832841266854493
megabyte1,2267,16,1.4780905124709693
megabyte1,2268,16,1.7063288918692012
megabyte1,2269,16,1.5830743062242292
megabyte1,2270,16,1.360969428368319
megabyte1,2271,16,1.4584123343745348
megabyte1,2272,16,1.4370788091308988
megabyte1,2273,16,1.394405747142769
megabyte1,2274,16,1.3312272125404139
megabyte1,2275,16,1.5957660572547552
megabyte1,2276,16,1.218041610039546
megabyte1,2277,16,1.348720554624708
megabyte1,2278,16,1.3822730668813505
megabyte1,2279,16,1.7043599845857293
megabyte1,2280,16,1.315422744472858
megabyte1,2281,16,1.5343747087888722
megabyte1,2282,16,1.5307561555511322
megabyte1,2283,16,1.3445287429441373
megabyte1,2284,16,1.592558388398638
megabyte1,2285,16,1.5440444383990761
megabyte1,2286,16,1.859943939209489
megabyte1,2287,16,1.9070820651096565
megabyte1,2288,16,1.3581239462869916
megabyte1,2289,16,1.3021264841431057
megabyte1,2290,16,1.4005520753431007
megabyte1,2291,16,1.6971772969703471
megabyte1,2292,16,1.7792688127977334
megabyte1,2293,16,1.5650201096017482
megabyte1,2294,16,1.256201367948224
megabyte1,2295,16,1.2946984042039358
megabyte1,2296,16,1.3325305731675925
megabyte1,2297,16,1.7557384420153657
megabyte1,2298,16,1.3292205585666639
megabyte1,2299,16,1.575386037263111
megabyte1,2300,16,1.5179240094300503
megabyte1,2301,16,1.8497119909041604
megabyte1,2302,16,1.924387794486142
megabyte1,2303,16,1.5698528467896415
megabyte1,2304,16,1.952259151832043
megabyte1,2305,16,1.5509831179368687
megabyte1,2306,16,2.0459768371191847
megabyte1,2307,16,1.4515852414514239
megabyte1,2308,16,1.6238559076018886
megabyte1,2309,16,1.4874974997140162
megabyte1,2310,16,1.3248808664951888
megabyte1,2311,16,1.6243100528754475
megabyte1,2312,16,1.806237475004488
megabyte1,2313,16,1.652574326898445
megabyte1,2314,16,1.326842891071005
megabyte1,2315,16,1.7809378239084337
megabyte1,2316,16,1.6220299085130276
megabyte1,2317,16,1.5520257785220346
megabyte1,2318,16,1.6266815819889346
megabyte1,2319,16,1.5678372903228148
megabyte1,2320,16,1.92167450877555
megabyte1,2321,16,1.3475667877584012
megabyte1,2322,16,1.5076492749403247
megabyte1,2323,16,1.5102763605724465
megabyte1,2324,16,1.514384838592187
megabyte1,2325,16,1.334603222121081
megabyte1,2326,16,1.6891132410951875
megabyte1,2327,16,2.003395842366397
megabyte1,2328,16,1.5445665834140536
megabyte1,2329,16,1.1015223892887023
megabyte1,2330,16,1.6570759884197344
megabyte1,2331,16,1.6712008225449773
megabyte1,2332,16,1.2744423169236856
megabyte1,2333,16,1.8218613785691449
megabyte1,2334,16,1.3282877708104681
megabyte1,2335,16,1.5688556650024026
megabyte1,2336,16,1.5953849236239779
megabyte1,2337,16,1.6558203386570902
megabyte1,2338,16,1.1751559976670347
megabyte1,2339,16,1.4912512454161457
megabyte1,2340,16,1.4275392189704752
megabyte1,2341,16,1.199233179969712
megabyte1,2342,16,1.6331828248129143
megabyte1,2343,16,2.162481039052996
megabyte1,2344,16,1.505317442699077
megabyte1,2345,16,1.4461548235244894
megabyte1,2346,16,1.6748636698009554
megabyte1,2347,16,1.7375559469718023
megabyte1,2348,16,1.6691518448768214
megabyte1,2349,16,1.4754550678046836
megabyte1,2350,16,1.3946580151945358
megabyte1,2351,16,1.751681899967163
megabyte1,2352,16,1.5858753461695336
megabyte1,2353,16,1.468583761050585
megabyte1,2354,16,1.706089021823768
megabyte1,2355,16,1.859482197365844
megabyte1,2356,16,1.497031811147887
megabyte1,2357,16,1.55114336002993
megabyte1,2358,16,1.482233072266015
megabyte1,2359,16,1.6210120581918142
megabyte1,2360,16,1.9148451126045114
megabyte1,2361,16,1.8854903734948811
megabyte1,2362,16,1.915217248932508
megabyte1,2363,16,1.8074245219007035
megabyte1,2364,16,1.4816070644968642
megabyte1,2365,16,1.7537506948475854
megabyte1,2366,16,1.6545069735920614
megabyte1,2367,16,1.364277063751865
megabyte1,2368,16,1.8311516737857627
megabyte1,2369,16,1.5587365942088585
megabyte1,2370,16,1.2782391426609876
megabyte1,2371,16,1.173630222014962
megabyte1,2372,16,1.4384656184820654
megabyte1,2373,16,1.6545461682973088
megabyte1,2374,16,1.6577062254526973
megabyte1,2375,16,1.8111595078756708
megabyte1,2376,16,1.4316095865518208
megabyte1,2377,16,1.6557025833636807
megabyte1,2378,16,1.79443249919729
megabyte1,2379,16,1.3414138421922235
megabyte1,2380,16,1.3070153641487112
megabyte1,2381,16,1.2781062593128194
megabyte1,2382,16,1.2223490984107954
megabyte1,2383,16,1.6171900853645886
megabyte1,2384,16,1.2653986968900468
megabyte1,2385,16,1.3083534957022263
megabyte1,2386,16,1.578133260974634
megabyte1,2387,16,1.5317374315923389
megabyte1,2388,16,2.57711825928225
megabyte1,2389,16,1.3431997646124632
megabyte1,2390,16,1.4494513676509784
megabyte1,2391,16,1.6956191834238847
megabyte1,2392,16,1.6054046831838271
megabyte1,2393,16,1.5712206925391177
megabyte1,2394,16,1.5883835265283057
megabyte1,2395,16,1.4753009784228481
megabyte1,2396,16,1.549231289879574
megabyte1,2397,16,1.779316118031812
megabyte1,2398,16,1.4672830777084631
megabyte1,2399,16,1.6539857498868749
megabyte1,2400,16,1.8453147908927956
megabyte1,2401,16,1.6224154073777708
megabyte1,2402,16,2.0457210295438455
megabyte1,2403,16,1.5049548714656562
megabyte1,2404,16,1.207510621240705
megabyte1,2405,16,1.289097475732826
megabyte1,2406,16,1.3395300855091326
megabyte1,2407,16,1.6366248915675445
megabyte1,2408,16,1.3500289425280974
megabyte1,2409,16,1.447759976124158
megabyte1,2410,16,1.5205988592353
megabyte1,2411,16,1.9441600504169998
megabyte1,2412,16,1.7859665823848934
megabyte1,2413,16,1.4262813153465452
megabyte1,2414,16,1.5994212823971923
megabyte1,2415,16,1.5116757271477335
megabyte1,2416,16,1.6105983274913394
megabyte1,2417,16,1.6860180476189779
megabyte1,2418,16,1.7492812117740268
megabyte1,2419,16,1.8238011746854195
megabyte1,2420,16,1.8353812613796563
megabyte1,2421,16,1.4256033051377195
megabyte1,2422,16,1.3209442046033844
megabyte1,2423,16,1.5881414935941993
megabyte1,2424,16,1.862765482289739
megabyte1,2425,16,1.469256139227195
megabyte1,2426,16,1.440331386823258
megabyte1,2427,16,1.397721632730725
megabyte1,2428,16,1.680407340723014
megabyte1,2429,16,1.7646089280768735
megabyte1,2430,16,1.2697388346421368
megabyte1,2431,16,1.4711975154327401
megabyte1,2432,16,1.4287167022908662
megabyte1,2433,16,1.4595549865568092
megabyte1,2434,16,1.4498477980793538
megabyte1,2435,16,1.3521287433768816
megabyte1,2436,16,1.6254692307338694
megabyte1,2437,16,1.4715454787279718
megabyte1,2438,16,1.646027131303868
megabyte1,2439,16,1.3792576573121933
megabyte1,2440,16,1.560253306609682
megabyte1,2441,16,1.716331032895692
megabyte1,2442,16,1.5610964154516942
megabyte1,2443,16,1.5574564570749456
megabyte1,2444,16,1.3059747898383784
megabyte1,2445,16,1.7062246752268142
megabyte1,2446,16,1.2169886857698715
megabyte1,2447,16,1.5086075301425126
megabyte1,2448,16,1.4526671236741637
megabyte1,2449,16,1.4673811505785948
megabyte1,2450,16,1.3496585296483188
megabyte1,2451,16,1.3709345423277788
megabyte1,2452,16,1.4183508118794457
megabyte1,2453,16,1.617185833848357
megabyte1,2454,16,1.7831782332232953
megabyte1,2455,16,1.6190184310132343
megabyte1,2456,16,1.3674553957790883
megabyte1,2457,16,1.22033744311449
megabyte1,2458,16,1.3101044542062872
megabyte1,2459,16,1.4119247803698325
megabyte1,2460,16,1.3249734075849915
megabyte1,2461,16,1.4005945045289203
megabyte1,2462,16,1.320623411469087
megabyte1,2463,16,1.4413509542624194
megabyte1,2464,16,1.8752683214281998
megabyte1,2465,16,1.4975676628104162
megabyte1,2466,16,1.3288403694986888
megabyte1,2467,16,1.6545454500987717
megabyte1,2468,16,1.3004242043123986
megabyte1,2469,16,1.309993320177377
megabyte1,2470,16,1.1111643178475206
megabyte1,2471,16,1.23225291843284
megabyte1,2472,16,1.677806396231234
megabyte1,2473,16,1.3337983274866934
megabyte1,2474,16,1.6867316752305532
megabyte1,2475,16,2.0030660444747275
megabyte1,2476,16,1.5047261771003717
megabyte1,2477,16,1.6263027123999387
megabyte1,2478,16,1.6964323169696947
megabyte1,2479,16,1.4223402480894403
megabyte1,2480,16,1.4905583105464415
megabyte1,2481,16,1.4519956413573194
megabyte1,2482,16,1.310738960260388
megabyte1,2483,16,1.7725910889372702
megabyte1,2484,16,1.5789909152649806
megabyte1,2485,16,1.5544040300264306
megabyte1,2486,16,1.738524491747631
megabyte1,2487,16,1.7768765908680344
megabyte1,2488,16,1.6641092391347152
megabyte1,2489,16,1.6268271665950471
megabyte1,2490,16,1.2750734308929657
megabyte1,2491,16,1.7865363357965853
megabyte1,2492,16,1.3773833970298504
megabyte1,2493,16,1.2850060642103864
megabyte1,2494,16,1.4667263206914891
megabyte1,2495,16,1.6208036842830484
megabyte1,2496,16,1.9819087146929881
megabyte1,2497,16,1.8237897053665655
megabyte1,2498,16,1.7190157872865486
megabyte1,2499,16,1.9558661712498386
megabyte1,2500,16,1.743209558169626
megabyte1,2501,16,1.5034383272037926
megabyte1,2502,16,1.7082692826876642
megabyte1,2503,16,1.8877215362881818
megabyte1,2504,16,1.5029770230499786
megabyte1,2505,16,1.9211618941921857
megabyte1,2506,16,1.9483286973705622
megabyte1,2507,16,1.6787064697622804
megabyte1,2508,16,1.6499876737519665
megabyte1,2509,16,1.3642387887813427
megabyte1,2510,16,1.2109349344198816
megabyte1,2511,16,1.4836772141004082
megabyte1,2512,16,1.8193036079528897
megabyte1,2513,16,1.4932945802104347
megabyte1,2514,16,1.5038814366863378
megabyte1,2515,16,1.722804629052473
megabyte1,2516,16,1.5783230027621862
megabyte1,2517,16,1.341169246724425
megabyte1,2518,16,1.4713018538188243
megabyte1,2519,16,1.7024460835452626
megabyte1,2520,16,1.4108616531052505
megabyte1,2521,16,1.3183791000404186
megabyte1,2522,16,1.5346440320872534
megabyte1,2523,16,1.9351922820528027
megabyte1,2524,16,1.3809870375297357
megabyte1,2525,16,1.6323573243675888
megabyte1,2526,16,1.7127460628874498
megabyte1,2527,16,1.3340911984190773
megabyte1,2528,16,1.478301955318419
megabyte1,2529,16,1.6036358933861665
megabyte1,2530,16,1.460630274550016
megabyte1,2531,16,1.1880646290737173
megabyte1,2532,16,1.4034224622878084
megabyte1,2533,16,1.2371431823482764
megabyte1,2534,16,1.4598394566770425
megabyte1,2535,16,1.4519295742150038
megabyte1,2536,16,1.4140067232977862
megabyte1,2537,16,1.4965056570722097
megabyte1,2538,16,1.5568961901121452
megabyte1,2539,16,1.488874727369471
megabyte1,2540,16,1.3486857892581898
megabyte1,2541,16,1.4019471074137413
megabyte1,2542,16,1.7477885727628444
megabyte1,2543,16,1.9393910980324283
megabyte1,2544,16,1.9675355407650148
megabyte1,2545,16,1.4223845560859572
megabyte1,2546,16,1.751475794129633
megabyte1,2547,16,1.4974559781562258
megabyte1,2548,16,1.9079417986291916
megabyte1,2549,16,1.4415429989741078
megabyte1,2550,16,1.8587716011800475
megabyte1,2551,16,1.4861140479345316
megabyte1,2552,16,1.640708144496283
megabyte1,2553,16,1.2631378102056856
megabyte1,2554,16,1.1964220267214754
megabyte1,2555,16,1.3693382305440225
megabyte1,2556,16,0.9987756277064929
megabyte1,2557,16,1.5318422672392435
megabyte1,2558,16,1.4953830329348803
megabyte1,2559,16,1.4099402443552393
megabyte1,2560,16,1.9957756561055462
megabyte1,2561,16,1.3587833488069472
megabyte1,2562,16,1.086885572755698
megabyte1,2563,16,1.436276315054334
megabyte1,2564,16,1.7600596110102875
megabyte1,2565,16,1.349086027337891
megabyte1,2566,16,1.3981271605911072
megabyte1,2567,16,1.3747524025157434
megabyte1,2568,16,1.6907610368154757
megabyte1,2569,16,1.9679337841020006
megabyte1,2570,16,1.770188853582881
megabyte1,2571,16,1.4727832569380124
megabyte1,2572,16,1.4907332933604749
megabyte1,2573,16,1.5742780757490873
megabyte1,2574,16,1.643011714026301
megabyte1,2575,16,1.308685088906727
megabyte1,2576,16,1.5204148180330856
megabyte1,2577,16,1.8499728265280972
megabyte1,2578,16,1.5356173242275843
megabyte1,2579,16,1.5790083728107547
megabyte1,2580,16,1.3112773175380856
megabyte1,2581,16,1.4138866822901668
megabyte1,2582,16,1.704486444489237
megabyte1,2583,16,1.8333158291061245
megabyte1,2584,16,1.3065941121528835
megabyte1,2585,16,1.3714675579171307
megabyte1,2586,16,1.2712050642638086
megabyte1,2587,16,1.4762490759070104
megabyte1,2588,16,1.6774762366275742
megabyte1,2589,16,1.4415264994775814
megabyte1,2590,16,1.4468330269701397
megabyte1,2591,16,1.3350010309100049
megabyte1,2592,16,2.1043757654297357
megabyte1,2593,16,1.7413336540187172
megabyte1,2594,16,1.7949695531380934
megabyte1,2595,16,1.440337458736932
megabyte1,2596,16,1.5085522407452125
megabyte1,2597,16,1.8473448486788755
megabyte1,2598,16,1.4083919454667282
megabyte1,2599,16,1.4435674445648015
megabyte1,2600,16,1.3563660636118002
megabyte1,2601,16,1.5273446997523494
megabyte1,2602,16,1.687177727867878
megabyte1,2603,16,1.6414825337268772
megabyte1,2604,16,1.8954180395226372
megabyte1,2605,16,1.18667108346465
megabyte1,2606,16,1.6589094133473885
megabyte1,2607,16,1.5613802140190598
megabyte1,2608,16,1.4217085177514532
megabyte1,2609,16,1.7947746922416008
megabyte1,2610,16,1.6483539812807233
megabyte1,2611,16,1.5495915120542236
megabyte1,2612,16,1.324262498826339
megabyte1,2613,16,1.7355782340736932
megabyte1,2614,16,1.3366286057232468
megabyte1,2615,16,1.2619890604423378
megabyte1,2616,16,1.2587017119446124
megabyte1,2617,16,1.1548209880180629
megabyte1,2618,16,1.2901652333280385
megabyte1,2619,16,1.2186743135314528
megabyte1,2620,16,1.3440434852387826
megabyte1,2621,16,1.4682178281952305
megabyte1,2622,16,1.05036197326056
megabyte1,2623,16,1.4891027881839938
megabyte1,2624,16,1.519857978650837
megabyte1,2625,16,1.4099218504485853
megabyte1,2626,16,1.5925533364553004
megabyte1,2627,16,1.3806013036882951
megabyte1,2628,16,1.3785570630127488
megabyte1,2629,16,1.4697148560467816
megabyte1,2630,16,1.5707176382153274
megabyte1,2631,16,1.5272370032392306
megabyte1,2632,16,1.372057600038972
megabyte1,2633,16,1.4406128152669275
megabyte1,2634,16,1.246874917875403
megabyte1,2635,16,1.2894654262272647
megabyte1,2636,16,1.4101793790183155
megabyte1,2637,16,1.324909196884686
megabyte1,2638,16,1.8081506951700541
megabyte1,2639,16,1.6031522190258165
megabyte1,2640,16,1.2413731031776352
megabyte1,2641,16,1.4629551373446044
megabyte1,2642,16,1.4354457523333568
megabyte1,2643,16,1.5162054972929246
megabyte1,2644,16,1.5603098728589202
megabyte1,2645,16,1.6015944978014347
megabyte1,2646,16,1.2363653924973559
megabyte1,2647,16,1.6345117823618165
megabyte1,2648,16,1.637823948445254
megabyte1,2649,16,1.7607060731053963
megabyte1,2650,16,1.6215642377903088
megabyte1,2651,16,1.530606217471794
megabyte1,2652,16,1.4423455883941734
megabyte1,2653,16,1.4991283848672032
megabyte1,2654,16,1.356741500966134
megabyte1,2655,16,1.6742253189738048
megabyte1,2656,16,1.3316557238339632
megabyte1,2657,16,1.5567668992070414
megabyte1,2658,16,1.7234930321865762
megabyte1,2659,16,1.663206707819655
megabyte1,2660,16,1.4817472169496688
megabyte1,2661,16,1.3927169641770625
megabyte1,2662,16,1.9701103827872286
megabyte1,2663,16,1.9011219781695123
megabyte1,2664,16,1.9335763388643823
megabyte1,2665,16,1.3741374565646365
megabyte1,2666,16,1.5493829838164013
megabyte1,2667,16,1.4245410767351578
megabyte1,2668,16,1.3048499192813443
megabyte1,2669,16,1.6826458621205254
megabyte1,2670,16,2.0819520975924077
megabyte1,2671,16,1.348825331715952
megabyte1,2672,16,1.7455004877462161
megabyte1,2673,16,1.8796188692199485
megabyte1,2674,16,1.7010559266905765
megabyte1,2675,16,1.8191955604896932
megabyte1,2676,16,1.3536311312636475
megabyte1,2677,16,1.6191313289017455
megabyte1,2678,16,1.7471005935176211
megabyte1,2679,16,1.5359767371796553
megabyte1,2680,16,1.543613940253443
megabyte1,2681,16,1.4845322866102868
megabyte1,2682,16,1.576753709938067
megabyte1,2683,16,1.8098444782399963
megabyte1,2684,16,1.5431851804899095
megabyte1,2685,16,1.4335843564646953
megabyte1,2686,16,1.666045942503352
megabyte1,2687,16,1.456967679054523
megabyte1,2688,16,2.166706479108825
megabyte1,2689,16,1.9149081288666032
megabyte1,2690,16,1.8068444431737192
megabyte1,2691,16,1.5178226496401859
megabyte1,2692,16,1.5035661820887032
megabyte1,2693,16,1.149286157357769
megabyte1,2694,16,1.4079808061264414
megabyte1,2695,16,1.533621763244738
megabyte1,2696,16,1.3955329327841688
megabyte1,2697,16,1.244213936708093
megabyte1,2698,16,1.3356497865190522
megabyte1,2699,16,1.4473053010099335
megabyte1,2700,16,1.1721548242868562
megabyte1,2701,16,1.856558613695824
megabyte1,2702,16,1.1492157703775794
megabyte1,2703,16,1.3040350100572056
megabyte1,2704,16,1.2958533018398772
megabyte1,2705,16,1.3107023226777088
megabyte1,2706,16,1.3073003865312391
megabyte1,2707,16,1.5027613796382273
megabyte1,2708,16,0.9764067515822934
megabyte1,2709,16,1.2169760177580105
megabyte1,2710,16,1.345265493433987
megabyte1,2711,16,1.2674521978873559
megabyte1,2712,16,1.2319219395212633
megabyte1,2713,16,1.1592426982175748
megabyte1,2714,16,1.4953566702131234
megabyte1,2715,16,0.8578454690006898
megabyte1,2716,16,1.1358541761086722
megabyte1,2717,16,0.9939338350150656
megabyte1,2718,16,1.2170246378528666
megabyte1,2719,16,1.4012462504571825
megabyte1,2720,16,1.1254864829581313
megabyte1,2721,16,1.018491130315684
megabyte1,2722,16,1.6914238426660977
megabyte1,2723,16,0.9888373049053963
megabyte1,2724,16,1.3533022017777836
megabyte1,2725,16,1.6781849942783256
megabyte1,2726,16,1.2453193409568883
megabyte1,2727,16,1.6430752705049796
megabyte1,2728,16,1.3165092200545008
megabyte1,2729,16,0.8780564176207691
megabyte1,2730,16,1.3105882437173462
megabyte1,2731,16,1.4203370707708556
megabyte1,2732,16,1.390063592668083
megabyte1,2733,16,1.4681493101903613
megabyte1,2734,16,1.5459986090039175
megabyte1,2735,16,1.461868330227176
megabyte1,2736,16,1.5900075937180245
megabyte1,2737,16,1.2170364514407936
megabyte1,2738,16,1.1955752172508092
megabyte1,2739,16,1.0555674128274535
megabyte1,2740,16,1.366549414782863
megabyte1,2741,16,1.0995738918303675
megabyte1,2742,16,1.464635057236766
megabyte1,2743,16,1.2161478780230088
megabyte1,2744,16,1.3725011589648457
megabyte1,2745,16,1.4187952195814582
megabyte1,2746,16,1.3157154067588284
megabyte1,2747,16,1.3829588597823745
megabyte1,2748,16,0.9098099909970986
megabyte1,2749,16,1.4525799942747835
megabyte1,2750,16,1.3201355073978547
megabyte1,2751,16,1.3532881964248495
megabyte1,2752,16,1.4958186577358155
megabyte1,2753,16,1.278520086220941
megabyte1,2754,16,1.196320281172609
megabyte1,2755,16,1.2906204524805678
megabyte1,2756,16,1.5360342950132981
megabyte1,2757,16,1.4823417707366005
megabyte1,2758,16,1.4099319866890685
megabyte1,2759,16,1.5280622992772517
megabyte1,2760,16,1.757683691951191
megabyte1,2761,16,1.4971738967384736
megabyte1,2762,16,1.3764615207458435
megabyte1,2763,16,1.708384606773305
megabyte1,2764,16,1.4092846575313924
megabyte1,2765,16,1.4107548327486064
megabyte1,2766,16,1.155041330864437
megabyte1,2767,16,1.3405847704719958
megabyte1,2768,16,1.6807882291027774
megabyte1,2769,16,1.3824325459612472
megabyte1,2770,16,1.4161991421224636
megabyte1,2771,16,1.154648192091527
megabyte1,2772,16,1.1762648892237175
megabyte1,2773,16,1.5655040079242148
megabyte1,2774,16,1.5764806927199277
megabyte1,2775,16,1.1357344798483788
megabyte1,2776,16,1.6811576606662024
megabyte1,2777,16,1.264964966892109
megabyte1,2778,16,1.2804423725672975
megabyte1,2779,16,1.6958154453778336
megabyte1,2780,16,1.2385957766153761
megabyte1,2781,16,1.0763502672046217
megabyte1,2782,16,1.5172097506105366
megabyte1,2783,16,1.1959462399451024
megabyte1,2784,16,1.8955375802931747
megabyte1,2785,16,1.8705930077315849
megabyte1,2786,16,1.8262800517951767
megabyte1,2787,16,1.4583428733079538
megabyte1,2788,16,1.6802867617652357
megabyte1,2789,16,1.7477989462459629
megabyte1,2790,16,1.5809167313975638
megabyte1,2791,16,1.5770381060582432
megabyte1,2792,16,1.3798284160720649
megabyte1,2793,16,1.197714521987897
megabyte1,2794,16,1.3934479471990564
megabyte1,2795,16,1.515786228586488
megabyte1,2796,16,1.6097367697344223
megabyte1,2797,16,1.8486634677610656
megabyte1,2798,16,1.4388947134264791
megabyte1,2799,16,1.2376286750006018
megabyte1,2800,16,1.4978364498071879
megabyte1,2801,16,1.5043023609447614
megabyte1,2802,16,1.640849056150519
megabyte1,2803,16,1.883281638261084
megabyte1,2804,16,1.5156331671618999
megabyte1,2805,16,1.2424840940778692
megabyte1,2806,16,1.664460370035897
megabyte1,2807,16,1.409684870105058
megabyte1,2808,16,1.3734358542452574
megabyte1,2809,16,1.5815793577025143
megabyte1,2810,16,1.4705816093818043
megabyte1,2811,16,1.3308734477800026
megabyte1,2812,16,1.8014469346459496
megabyte1,2813,16,1.4166301129783598
megabyte1,2814,16,1.435404378900019
megabyte1,2815,16,1.3663092589546193
megabyte1,2816,16,1.3714753026128101
megabyte1,2817,16,1.8496436327596464
megabyte1,2818,16,1.4025258004695584
megabyte1,2819,16,1.145296309754861
megabyte1,2820,16,1.778576628028753
megabyte1,2821,16,1.7796802652557824
megabyte1,2822,16,1.3956053795064398
megabyte1,2823,16,1.4240056019414231
megabyte1,2824,16,1.4661565744546448
megabyte1,2825,16,1.4944559191724696
megabyte1,2826,16,1.4779709132256886
megabyte1,2827,16,1.4081942310821067
megabyte1,2828,16,1.6767484009783349
megabyte1,2829,16,1.3398002612060005
megabyte1,2830,16,1.7586904153059097
megabyte1,2831,16,1.442963316211223
megabyte1,2832,16,1.772998046261201
megabyte1,2833,16,1.7048036116293768
megabyte1,2834,16,1.6101737524888597
megabyte1,2835,16,1.6477332860427722
megabyte1,2836,16,1.8278551837932804
megabyte1,2837,16,1.303770158654621
megabyte1,2838,16,1.893422867430433
megabyte1,2839,16,1.5576776406507826
megabyte1,2840,16,1.4049224999298593
megabyte1,2841,16,1.5553184970301142
megabyte1,2842,16,1.6578452139037942
megabyte1,2843,16,1.5665722725344526
megabyte1,2844,16,1.7335101344768118
megabyte1,2845,16,1.4565010204656328
megabyte1,2846,16,1.6665471088603823
megabyte1,2847,16,1.7015965866972274
megabyte1,2848,16,1.7926867821624826
megabyte1,2849,16,1.5835828645730834
megabyte1,2850,16,1.5226881772630136
megabyte1,2851,16,1.83287164616095
megabyte1,2852,16,1.5619903113764493
megabyte1,2853,16,1.374657414537712
megabyte1,2854,16,1.5501767931579675
megabyte1,2855,16,1.5890784764182644
megabyte1,2856,16,1.3898779211281171
megabyte1,2857,16,1.9247279757272997
megabyte1,2858,16,1.9376077146327135
megabyte1,2859,16,1.752047009463044
megabyte1,2860,16,1.4126121341655529
megabyte1,2861,16,1.3042488023771508
megabyte1,2862,16,1.5090504141355487
megabyte1,2863,16,1.551290773974273
megabyte1,2864,16,1.553732258799712
megabyte1,2865,16,1.187105383678095
megabyte1,2866,16,1.6507137351000472
megabyte1,2867,16,1.103474863687444
megabyte1,2868,16,1.3397147041773576
megabyte1,2869,16,1.1805678687622572
megabyte1,2870,16,1.2487761539723585
megabyte1,2871,16,1.2513949276804346
megabyte1,2872,16,0.9685988307954055
megabyte1,2873,16,1.1197193006262678
megabyte1,2874,16,1.6770239886670906
megabyte1,2875,16,1.4083227411359092
megabyte1,2876,16,1.6058659819756897
megabyte1,2877,16,1.186555709386461
megabyte1,2878,16,1.0521248362357565
megabyte1,2879,16,1.1211928167615017
megabyte1,2880,16,1.5892063664496554
megabyte1,2881,16,1.7480136372825474
megabyte1,2882,16,1.6614972322794899
megabyte1,2883,16,1.9635816913966413
megabyte1,2884,16,1.7232038305886639
megabyte1,2885,16,1.336277108057876
megabyte1,2886,16,1.4348438085149045
megabyte1,2887,16,1.060214251782101
megabyte1,2888,16,1.379619165252062
megabyte1,2889,16,1.3248586941205445
megabyte1,2890,16,1.693189108444212
megabyte1,2891,16,1.5526278269503027
megabyte1,2892,16,2.025098547490545
megabyte1,2893,16,1.6537593311047376
megabyte1,2894,16,1.4559676036957094
megabyte1,2895,16,1.6172127691856766
megabyte1,2896,16,1.4618940256860669
megabyte1,2897,16,1.5906841793054514
megabyte1,2898,16,1.4671369765181967
megabyte1,2899,16,1.5847903228052231
megabyte1,2900,16,1.0819118569092125
megabyte1,2901,16,1.1906103588620842
megabyte1,2902,16,1.3307646789444052
megabyte1,2903,16,1.5754321205850221
megabyte1,2904,16,1.5938347343162251
megabyte1,2905,16,1.394077078970118
megabyte1,2906,16,2.1248680936017674
megabyte1,2907,16,1.5958307502207492
megabyte1,2908,16,1.347386753993343
megabyte1,2909,16,1.3262387936951576
megabyte1,2910,16,1.5430700902774517
megabyte1,2911,16,1.6289848240399225
megabyte1,2912,16,1.5114396309680531
megabyte1,2913,16,1.260099680104187
megabyte1,2914,16,1.6963076651768663
megabyte1,2915,16,1.3899141846418823
megabyte1,2916,16,1.540296408874687
megabyte1,2917,16,1.3472957365267004
megabyte1,2918,16,1.3077190369841427
megabyte1,2919,16,2.2601173978956615
megabyte1,2920,16,1.8155887064899547
megabyte1,2921,16,1.864366426480252
megabyte1,2922,16,1.6832124507479294
megabyte1,2923,16,1.5635203895590286
megabyte1,2924,16,1.6217298229563673
megabyte1,2925,16,1.4363660399634426
megabyte1,2926,16,1.6694110435410925
megabyte1,2927,16,1.889260768541907
megabyte1,2928,16,1.292732352908996
megabyte1,2929,16,1.5968403842516223
megabyte1,2930,16,1.6984154969138856
megabyte1,2931,16,1.634071024527299
megabyte1,2932,16,1.5795389131167799
megabyte1,2933,16,1.626945346814662
megabyte1,2934,16,1.567990326280534
megabyte1,2935,16,1.4944181711580795
megabyte1,2936,16,1.444066308634062
megabyte1,2937,16,1.794872542656892
megabyte1,2938,16,1.3983430691404692
megabyte1,2939,16,1.9284995861420042
megabyte1,2940,16,1.7932129768958665
megabyte1,2941,16,1.2867180198308525
megabyte1,2942,16,1.6369748351011293
megabyte1,2943,16,1.638179015863477
megabyte1,2944,16,1.8955981018332893
megabyte1,2945,16,2.166565763279913
megabyte1,2946,16,1.6149260640574257
megabyte1,2947,16,1.7719839501053873
megabyte1,2948,16,1.8482119966080814
megabyte1,2949,16,1.8095107637737786
megabyte1,2950,16,1.7236177614077712
megabyte1,2951,16,1.8235156921800995
megabyte1,2952,16,1.7803012559462001
megabyte1,2953,16,1.6819840808049615
megabyte1,2954,16,1.6017973364896445
megabyte1,2955,16,1.6143000207990357
megabyte1,2956,16,1.599693902030688
megabyte1,2957,16,1.8896764155052954
megabyte1,2958,16,1.5799597841509316
megabyte1,2959,16,1.4626291540758085
megabyte1,2960,16,1.5089744046721216
megabyte1,2961,16,1.5216237676225919
megabyte1,2962,16,1.905330833036146
megabyte1,2963,16,1.6707359678898888
megabyte1,2964,16,2.0622449470887014
megabyte1,2965,16,1.6718597029960611
megabyte1,2966,16,1.2610511075823874
megabyte1,2967,16,1.4741721319202612
megabyte1,2968,16,1.6512229238575622
megabyte1,2969,16,1.4591848610807356
megabyte1,2970,16,1.5253753556114988
megabyte1,2971,16,1.4244923629352066
megabyte1,2972,16,1.7657166208145592
megabyte1,2973,16,1.7590724798926858
megabyte1,2974,16,2.0034133041512057
megabyte1,2975,16,1.6602501700797159
megabyte1,2976,16,1.9552092583740515
megabyte1,2977,16,2.0710333035965327
megabyte1,2978,16,1.854608120430499
megabyte1,2979,16,1.8014572680945546
megabyte1,2980,16,1.5960883474590597
megabyte1,2981,16,1.5795822132869566
megabyte1,2982,16,1.6533331135924838
megabyte1,2983,16,1.9175520423202161
megabyte1,2984,16,2.141745702256993
megabyte1,2985,16,1.711436762167907
megabyte1,2986,16,1.6742038261351055
megabyte1,2987,16,1.588437469393153
megabyte1,2988,16,1.590688040682481
megabyte1,2989,16,1.8002900657245753
megabyte1,2990,16,1.3602158005075158
megabyte1,2991,16,1.4207312897087991
megabyte1,2992,16,1.6117176928171437
megabyte1,2993,16,1.8021286217072463
megabyte1,2994,16,1.7886620254929835
megabyte1,2995,16,1.5375957921673822
megabyte1,2996,16,1.4623288105535026
megabyte1,2997,16,1.6630401530833012
megabyte1,2998,16,1.6335117491034508
megabyte1,2999,16,1.398126754770864
megabyte1,3000,16,1.7754297954091172
megabyte1,3001,16,1.7576551003878569
megabyte1,3002,16,1.6826406769505937
megabyte1,3003,16,1.2315187565011778
megabyte1,3004,16,1.831611970668559
megabyte1,3005,16,1.463531874228123
megabyte1,3006,16,1.6204725914483187
megabyte1,3007,16,1.6002980538443543
megabyte1,3008,16,2.2606324038426395
megabyte1,3009,16,1.5500153336950449
megabyte1,3010,16,1.708410608072448
megabyte1,3011,16,1.817294945650809
megabyte1,3012,16,1.5080618785912265
megabyte1,3013,16,1.753243731958267
megabyte1,3014,16,1.4353715113946435
megabyte1,3015,16,1.6683091136672847
megabyte1,3016,16,1.711160157487372
megabyte1,3017,16,1.3338691970969287
megabyte1,3018,16,1.5126411038179728
megabyte1,3019,16,1.6964878752345
megabyte1,3020,16,1.8188086351496981
megabyte1,3021,16,1.6549789038897595
megabyte1,3022,16,1.498837619060839
megabyte1,3023,16,1.423131263987494
megabyte1,3024,16,1.4754585343909608
megabyte1,3025,16,1.4869953375760943
megabyte1,3026,16,1.899921770305634
megabyte1,3027,16,1.1311931839476015
megabyte1,3028,16,1.8029580128259666
megabyte1,3029,16,1.5705302877199419
megabyte1,3030,16,1.6873851465428624
megabyte1,3031,16,1.4710546941542448
megabyte1,3032,16,1.2624627655951102
megabyte1,3033,16,1.2939772507890728
megabyte1,3034,16,1.5837987017093953
megabyte1,3035,16,1.4432451702785405
megabyte1,3036,16,1.654021606892861
megabyte1,3037,16,1.9996291138631055
megabyte1,3038,16,1.5892012150905643
megabyte1,3039,16,1.6967522790926322
megabyte1,3040,16,1.5066192368761113
megabyte1,3041,16,1.5146523543995862
megabyte1,3042,16,1.337211565021442
megabyte1,3043,16,1.506850380593563
megabyte1,3044,16,1.8985940811460391
megabyte1,3045,16,1.6646086961707476
megabyte1,3046,16,1.4876964246432207
megabyte1,3047,16,1.4248964033267506
megabyte1,3048,16,1.4959782776382216
megabyte1,3049,16,1.3479423678987144
megabyte1,3050,16,1.3859440331397435
megabyte1,3051,16,1.5215333455360294
megabyte1,3052,16,1.641065677679195
megabyte1,3053,16,1.4156064173565086
megabyte1,3054,16,1.4943708691022812
megabyte1,3055,16,1.7740365947766221
megabyte1,3056,16,1.730377289036615
megabyte1,3057,16,1.4737613744982392
megabyte1,3058,16,1.1057455300406345
megabyte1,3059,16,1.3902027632234093
megabyte1,3060,16,1.6314333021403307
megabyte1,3061,16,1.614809117812918
megabyte1,3062,16,1.5827336428917547
megabyte1,3063,16,1.4158352568385972
megabyte1,3064,16,1.7102362183155806
megabyte1,3065,16,1.6710125798979938
megabyte1,3066,16,1.7054322704602016
megabyte1,3067,16,1.512042856669954
megabyte1,3068,16,1.2048812849344492
megabyte1,3069,16,1.1723948588554642
megabyte1,3070,16,1.167012319813309
megabyte1,3071,16,1.2734880955895018
